-3.6777016171520662
-0.0883095581230009
-2.002587565444768
-0.9867856597338687
-0.02120239728623453
0.42114934331038967
0.05886905390590463
-0.6762044483821228
-1.2663920740253942
-0.3065890611308875
0.38974811008972066
1.4743213038552008
0.3593592585578638
-0.31125391095494187
1.854290816293636
-0.17239743374375394
-1.6012409290055982
-2.5258139430661686
0.5931380482728682
-1.1768650968709455
2.1859419522276284
0.4387882813716715
-0.2590103962795569
0.2426371280638374
-0.6688252233288949
-0.18701356649134224
0.39808171658521696
-2.175542421951079
2.37176897523265
-0.10542970117325345
-0.21116762755333357
0.21383836156019242
0.8887221893497841
1.2946175110269467
-0.9839110414479645
0.2523003251339747
-0.32549432944506407
-0.8871456456665113
-0.5178324021184572
-1.5773404852966038
-0.040696314889438714
-0.2764417945594391
-1.4871985087766089
-1.6464871962319916
-0.058110886240639245
0.03941948231537632
-0.5845285056760953
1.145137504090076
-0.46869021810631994
0.5279303635082518
0.6742640252923593
1.1057989397229833
0.9227621834845406
-0.30830307183309796
-0.06093883737228007
0.7932419676518937
-0.19417416018657196
0.33062889715566457
0.2693210617153809
0.990047331222079
0.058395461365296615
2.055512760400563
1.3172095620305568
-0.12462305069978659
0.021651898123309365
1.5701156653762907
-0.8395146057474182
-0.20373483875441561
1.2079016254146528
-0.3390756005658126
0.7122625351590793
-1.1206209525399198
0.5204115884473801
-0.4840801634636018
-1.2637596839716747
-0.24488131692543483
-0.6973279167555378
-0.003076921387558736
-0.6515183514803132
0.9674076207172927
0.1813433325912577
0.37569042774521216
-2.11769240516279
-0.8798719318292569
-1.6488465028333894
0.2750189537437109
1.3615525274092632
1.5497757784841166
0.043113924322016016
-0.9806320000886142
0.6865747006183179
-0.23750564537294847
-0.467962607015377
0.02784807812921437
3.30481964808244
-0.3190108972458719
-1.0238201730317087
1.617648402835974
1.2257411640348437
-0.5238730965275964
0.26244786781984764
1.0790363506073066
0.32098238307298743
-1.2666672393441496
-0.011723820302164355
-0.32932037989350804
0.07677354484545311
1.8215401021073128
1.1289225899352038
-0.582065493088319
-1.746831518093214
1.125968896707895
4.995839660806246
1.5026616738567717
-0.32471697605532507
0.19042643309090165
-0.5179750132811023
0.7859542231678708
0.5744549773887477
-0.11768075716605855
-0.8948492829100966
-0.3316624850627062
0.6664317077272297
0.8038507572068324
-0.2835481340028949
-0.09285994868453903
0.24166435347675969
0.4806966899195686
0.46803331848611285
0.037278221043379745
0.6305944073877375
-0.44232221905706237
0.2537846119759541
-1.4306343700809518
-0.9036393421411049
-1.0755635425344476
-0.21000541413454094
-0.5488133441152362
0.4744365534341861
-1.5628814954190424
-2.120501101837197
-1.8847699301169578
0.29968430341904095
0.1291303171321353
-0.028634024905234888
0.11527496099006386
0.8387761499761837
0.3134534434887909
0.32486316865520076
0.7892716748756357
0.4606255060934928
-0.6368504028404669
-1.4119529722930482
-2.797203184551715
-0.9304947525379247
-1.1827352361077383
1.036945851258982
-1.0518915102390263
0.5533711277836885
0.5699109957883289
-0.875757314133807
-0.11701972458208079
-0.14075936936327102
-2.455022884437073
0.379863503798278
-0.20787306101947953
0.1722546403470915
-0.17946241454270562
0.3825168058248672
-0.10295488512686764
-2.2317146830931907
-0.9571476355983666
0.1145239522884367
-2.7796383323141565
0.6326041885687219
-0.08704675911715076
1.3608091762762342
0.24640316671418708
0.2776609331208006
0.45161887101130566
0.7807591695533725
0.4937403189061392
-3.653977290696275
-0.3443309924477944
-0.4624830462094194
0.19140428704821374
1.2448655906081438
0.881300374819529
0.22995246629426744
0.0378754261224198
-1.3546798746338702
-1.7517229224495166
-2.6195019509032136
2.6277669905019656
0.3216673695019183
0.1767925679150577
1.8333538334060517
-0.5581017840465089
1.5024314648975612
-1.5428075273644715
0.015019288019340655
-3.7975819850544212
1.0393908444299615
-1.2259377576305672
-0.2362540879403241
-0.004729747406544129
0.8020656168810092
-1.9615151550057404
0.03150212228656035
-0.08621010870151853
-0.13375595730833775
0.6294125914455099
-0.18326507245092213
1.7656615443540224
-1.0490184667315379
-0.45144884400845814
0.4511495641206843
2.6519596051204846
-1.077925867321028
0.3733145701646988
-1.26378632659099
-0.8240791288471881
-1.096018262186964
1.1167479260620894
0.47453617197687786
0.13933654372522142
0.2980013264545157
1.2557475345506406
1.0652844290840828
-1.1437676585046574
1.9391612931940472
0.41500009371832547
0.48118383976823403
1.8211265549845328
-0.04154477230920086
-0.42491704054835006
0.08359846855027546
-0.7137110394910022
0.8721170666427093
-1.1518488779826008
-0.7781552045237142
0.21306734062683838
-0.6037411565004098
-1.6737442603611963
-0.5705836035000782
0.03650246374794126
1.322712700237068
-0.19373731967269645
1.0445262486267464
-0.7162385175077993
0.5930568614999312
-0.4298674073342749
-1.217194440451331
-3.961500309306872
0.8813008874615965
0.7490724904831344
0.9041275188792498
-0.7171155668099042
1.6262047045694832
-0.6241944211069494
0.15141997058284082
0.6828571155980875
-4.765387711813673
1.074214949629187
0.26101771302484467
-0.24427847620245302
0.6853851070780748
-1.1703400689709398
-2.0698274811761426
2.9220191185558155
0.006598263945338188
0.17611911191904386
-0.28052447002361686
-0.7508638342793954
0.014221540618893705
0.24102198949549347
1.3294269329459272
-0.44623288102166986
1.298618475971125
-0.11166316400906201
-0.012010154148748403
0.09397991538534348
-0.6610081084457512
2.853728851833795
-0.6880782178389685
-0.6189115069183141
0.37007332139182836
0.13437430388876237
-0.9437825759194215
0.043246928195609755
0.26340344144652283
0.8239167849903121
0.15904378718308484
-0.015799309949215967
-0.9997200171104245
-0.2593344052002067
0.3268941110212863
-0.5616863362727025
-0.3575575412410657
0.7449653222887186
0.6550480324781697
0.40915962277462575
0.5518620431151552
2.0557565157479774
-1.7271459599702745
0.6256748052050277
-1.6823098853022849
-0.3472517458173267
0.24028845584281244
0.0889581921607411
5.261564820102649
-0.7001954084747316
-0.529800073915491
-0.9013536190181957
0.664065560235709
-0.05894488052805313
2.384367060585646
0.4394550138559204
-3.9764228566777873
3.8403439281286076
-0.28917410431026386
-0.346583935795395
-0.13425450733110839
-0.36196420179265026
0.40650987921253545
1.3794991280685116
0.5993698899449859
0.5733707373817905
0.42480671149510624
-0.6016823245965608
-0.7669193155379617
-1.4609306910844881
0.37984193947219563
-1.2779747066815617
-1.6133147778418788
-0.17746031479267307
1.9638861928353097
-1.0512582832689077
-0.8181288566057836
0.09387895488544018
2.671852815397228
-0.023214524053796395
1.9804863055184134
1.311372971031233
0.5151405494635347
-0.013852218216925396
-0.19915443974443608
-0.18121307081086205
-2.7865262798817034
-3.2106174002851624
-0.1464916616290187
-0.6128432200645388
0.5284606877173628
-0.4826145550396177
-0.006771528381749147
0.5274731833388183
0.27054006612602144
-0.39835648222881564
0.6773183780323426
0.25862547737037234
-0.15902712744498398
0.17620110996246627
0.5790373234049184
0.10094034743295717
-0.4486846592044458
0.7356568094110116
1.4610101825383026
0.9957872792992497
-0.11260089761564368
-0.707172977046058
1.7009084485835047
-0.8781880358748656
0.21991062880499426
1.0120048585804398
-0.06189724990690593
-0.4579460126966829
2.535227222224521
-4.299047056450106
1.5818397575155054
0.31934943997898263
-2.8782765222482944
0.3769339116388437
-1.0003660898089746
0.7646706093770003
-0.0072523014713791484
2.0533360995990546
-0.022077341175948582
-1.035661759313835
-2.0220894654172565
0.45569001991275904
0.8327711092143935
-0.25693516556899304
-0.8479527502419406
0.5875232340918296
0.44761903924294394
1.219346414962694
-0.12080815092000799
-0.3739024105016142
-0.25475686737175646
2.1640137620124733
0.967761702162938
0.1647212506530037
-0.5772873671296772
3.423649804739025
-0.7366220424955827
-1.7649189024215208
-0.5613187759081484
1.1544275215176945
0.1623705941909421
-0.4680118747827415
-0.3318348182587857
0.11312573816769968
1.3182320604199165
-0.15805737741568401
1.3120103917403698
-1.4630222676714766
0.5839647741368026
-0.732421595525271
1.2890472649849232
-1.1706236113366624
-1.0993442458584468
1.17047316645925
-1.456569785659667
-0.5885897832179561
2.3461850574794
0.8131515784828247
-0.7972855054240133
0.3499006096616439
-0.9998917194416306
0.42215511582201415
4.347158979866296
0.2702225174289197
-1.1129362834393621
2.661792781964323
3.0754856799411265
-0.25895665544339863
-0.17647537824814208
0.867130619654846
0.6402898022848792
-0.7151530487781969
-1.0931778577590499
0.42801580622285973
0.9280190437600729
-0.4477893732123534
-1.1400500150204553
0.11205971791891248
0.6417422257852325
