2 1 7259.061259526175
2 2 7260.572701069155
2 3 7262.083491059886
2 4 7263.594136143761
2 5 7265.105015258945
2 6 7266.6158906629835
2 7 7268.126743415498
2 8 7269.637353575227
2 9 7271.148126854976
2 10 7272.659578615734
2 11 7274.170380267067
2 12 7275.681015416208
2 13 7277.191837354508
2 14 7278.702711281374
2 15 7280.213622951276
2 16 7281.724243831317
2 17 7283.235002177832
2 18 7284.746452337507
2 19 7286.257268569273
2 20 7287.767895183835
2 21 7289.278666698044
2 22 7290.789541075859
2 23 7292.300509200282
2 24 7293.8111384355525
2 25 7295.321885584826
2 26 7296.833325544544
2 27 7298.344156612833
2 28 7299.854779815462
2 29 7301.365502897017
2 30 7302.876372263023
2 31 7304.387401841056
2 32 7305.898041611365
2 33 7307.4087783050345
2 34 7308.920202767616
2 35 7310.431043668832
2 36 7311.94165993447
2 37 7313.452344927082
2 38 7314.9632100157705
2 39 7316.4743018830395
2 40 7317.984957219495
2 41 7319.495680833284
2 42 7321.007075380008
2 43 7322.517927426583
2 44 7324.028541458153
2 45 7325.539196019061
2 46 7327.05005974345
2 47 7328.561210658096
2 48 7330.071876175968
2 49 7331.582588846092
2 50 7333.093947651347
2 51 7334.60480928489
2 52 7336.115428380981
2 53 7337.626059279438
2 54 7339.1369142562235
2 55 7340.648123066544
2 56 7342.158802531532
2 57 7343.669504122618
2 58 7345.180823291869
2 59 7346.691692807593
2 60 7348.202314169517
2 61 7349.712929090007
2 62 7351.223777936429
2 63 7352.735040801934
2 64 7354.24573833263
2 65 7355.756429965911
2 66 7357.267696346354
2 67 7358.7785718646255
2 68 7360.2892046732
2 69 7361.799809600689
2 70 7363.310654463062
2 71 7364.82196799858
2 72 7366.332677555219
2 73 7367.843358186566
2 74 7369.354569978435
2 75 7370.86544977513
2 76 7372.376103035229
2 77 7373.88670557351
2 78 7375.397539560015
2 79 7376.908895740859
2 80 7378.419621736658
2 81 7379.93029191776
2 82 7381.441446974488
2 83 7382.952332311502
2 84 7384.4630069256455
2 85 7385.9736081001665
2 86 7387.4844344364155
2 87 7388.995827081881
2 88 7390.506571451071
2 89 7392.017235110318
2 90 7393.528325706608
2 91 7395.039211165962
2 92 7396.549918376402
2 93 7398.060522337466
2 94 7399.571341445141
2 95 7401.082766711445
2 96 7402.59352514016
2 97 7404.104177988451
2 98 7405.615206080644
2 99 7407.126091442808
2 100 7408.6368390834905
2 101 7410.147452497287
2 102 7411.658260187601
2 103 7413.169704505319
2 104 7414.680480030655
2 105 7416.191124619428
2 106 7417.702090765104
2 107 7419.212978742049
2 108 7420.723770260767
2 109 7422.234389145606
2 110 7423.745187254498
2 111 7425.256644235703
2 112 7426.767436570049
2 113 7428.278077834618
2 114 7429.7889822688585
2 115 7431.2998652841425
2 116 7432.810708397832
2 117 7434.321337188363
2 118 7435.832124870166
2 119 7437.3435895295415
2 120 7438.85439735427
2 121 7440.365029495447
2 122 7441.875876369734
2 123 7443.386756302305
2 124 7444.897655190093
2 125 7446.408299035011
2 126 7447.919075798996
2 127 7449.430532289858
2 128 7450.941355299794
2 129 7452.451983016184
2 130 7453.962776622789
2 131 7455.473655895711
2 132 7456.984614468179
2 133 7458.495267706283
2 134 7460.006032408766
2 135 7461.517475264201
2 136 7463.028312226887
2 137 7464.538939867741
2 138 7466.049687872743
2 139 7467.560559310538
2 140 7469.07157829649
2 141 7470.582245718439
2 142 7472.092997831038
2 143 7473.604420838629
2 144 7475.115273149099
2 145 7476.625896359145
2 146 7478.136602763611
2 147 7479.6474694844765
2 148 7481.158549624333
2 149 7482.669233899838
2 150 7484.179976050762
2 151 7485.691365299842
2 152 7487.202228579855
2 153 7488.7128535112915
2 154 7490.223526052614
2 155 7491.734389064305
2 156 7493.245532862219
2 157 7494.75622950994
2 158 7496.266957364171
2 159 7497.778308523404
2 160 7499.28918221785
2 161 7500.799812700622
2 162 7502.310462514988
2 163 7503.8213173825125
2 164 7505.332518212632
2 165 7506.84323084944
2 166 7508.353945701502
2 167 7509.865252559746
2 168 7511.376139289038
2 169 7512.886775864703
2 170 7514.397404100254
2 171 7515.908253229978
2 172 7517.419509560275
2 173 7518.9302383585755
2 174 7520.440944280092
2 175 7521.952198502031
2 176 7523.463090862927
2 177 7524.973740625902
2 178 7526.484355730216
2 179 7527.9951987555305
2 180 7529.506510009258
2 181 7531.017253380526
2 182 7532.527944320494
2 183 7534.039142483062
2 184 7535.55004137379
2 185 7537.060709447984
2 186 7538.571320470297
2 187 7540.082156655261
2 188 7541.593510990526
2 189 7543.104269581609
2 190 7544.614949031614
2 191 7546.1260873688525
2 192 7547.636994829779
2 193 7549.147687905354
2 194 7550.6582923083215
2 195 7552.169121363561
2 196 7553.680515587291
2 197 7555.191288373825
2 198 7556.701960048649
2 199 7558.213037530916
2 200 7559.723945544377
2 201 7561.2346693474
2 202 7562.74527424935
2 203 7564.256095614691
2 204 7565.76752507453
2 205 7567.278313422147
2 206 7568.788972069651
2 207 7570.299986066442
2 208 7571.81089647288
2 209 7573.321656985529
2 210 7574.832267549255
2 211 7576.343083490134
2 212 7577.854534547684
2 213 7579.365335234711
2 214 7580.875985541299
2 215 7582.386937230155
2 216 7583.89785033629
2 217 7585.408656616014
2 218 7586.91927001117
2 219 7588.430076716574
2 220 7589.941544308312
2 221 7591.452356898397
2 222 7592.963001172937
2 223 7594.473896216916
2 224 7595.984806016843
2 225 7597.495658993819
2 226 7599.006280793549
2 227 7600.517078900474
2 228 7602.028554736339
2 229 7603.53938223577
2 230 7605.050018282792
2 231 7606.5608552452395
2 232 7608.071763069602
2 233 7609.582668085624
2 234 7611.09330049001
2 235 7612.60409349237
2 236 7614.1155655057
2 237 7615.626401538742
2 238 7617.137033387568
2 239 7618.647819268185
2 240 7620.158723876597
2 241 7621.669688160346
2 242 7623.180330800461
2 243 7624.691112323901
2 244 7626.20257315947
2 245 7627.713418904189
2 246 7629.224047901838
2 247 7630.734792395522
2 248 7632.245691392445
2 249 7633.756710759078
2 250 7635.267366359419
2 251 7636.778138760088
2 252 7638.289578779628
2 253 7639.800437049859
2 254 7641.311065285736
2 255 7642.821768611757
2 256 7644.332661196347
2 257 7645.843739406046
2 258 7647.354408591529
2 259 7648.86517471829
2 260 7650.376585743313
2 261 7651.8874491411225
2 262 7653.398078733671
2 263 7654.908751619693
2 264 7656.4196364489535
2 265 7657.9307763166935
2 266 7659.441461508337
2 267 7660.952214746686
2 268 7662.463587409821
2 269 7663.974458358537
2 270 7665.485092002823
2 271 7666.995743964675
2 272 7668.506622162542
2 273 7670.017816392186
2 274 7671.528516223963
2 275 7673.039259894598
2 276 7674.550586689922
2 277 7676.061466416251
2 278 7677.572110985011
2 279 7679.082743243309
2 280 7680.593611029335
2 281 7682.104860555849
2 282 7683.615575767598
2 283 7685.126311004246
2 284 7686.637588570469
2 285 7688.148471181897
2 286 7689.6591276195295
2 287 7691.169749723014
2 288 7692.680607301353
2 289 7694.191909613071
2 290 7695.702644127199
2 291 7697.213366592938
2 292 7698.724585189588
2 293 7700.235472829684
2 294 7701.746147874479
2 295 7703.256765156385
2 296 7704.767615652641
2 297 7706.27896271531
2 298 7707.789711326166
2 299 7709.300423672875
2 300 7710.8115809810515
2 301 7712.32247307487
2 302 7713.833177150477
2 303 7715.343791019269
2 304 7716.8546282535235
2 305 7718.366016633911
2 306 7719.8767813123795
2 307 7721.3874833114805
2 308 7722.898580567757
2 309 7724.409474410126
2 310 7725.920207693913
2 311 7727.430823025693
2 312 7728.941649374624
2 313 7730.453072170581
2 314 7731.963856466689
2 315 7733.474547569432
2 316 7734.985577458339
2 317 7736.496473008854
2 318 7738.007244794692
2 319 7739.517863412182
2 320 7741.028681998862
2 321 7742.54013197568
2 322 7744.050928708932
2 323 7745.561609252267
2 324 7747.07257576366
2 325 7748.5834717307025
2 326 7750.09429132826
2 327 7751.604916233661
2 328 7753.11572039674
2 329 7754.627188861046
2 330 7756.138000993224
2 331 7757.648671012188
2 332 7759.159579009278
2 333 7760.6704759831655
2 334 7762.181341965942
2 335 7763.691973326914
2 336 7765.202766821899
2 337 7766.714244976184
2 338 7768.22507416051
2 339 7769.735736825126
2 340 7771.246584127625
2 341 7772.75747868906
2 342 7774.268399014999
2 343 7775.779038253754
2 344 7777.289822792756
2 345 7778.801304662757
2 346 7780.312144337261
2 347 7781.822797059824
2 348 7783.333592488347
2 349 7784.844484278239
2 350 7786.355463659906
2 351 7787.866115510159
2 352 7789.376886333767
2 353 7790.888358772152
2 354 7792.399211463884
2 355 7793.9098564716505
2 356 7795.420607012081
2 357 7796.9314986944555
2 358 7798.442534701906
2 359 7799.9531953748065
2 360 7801.463955842817
2 361 7802.975411062867
2 362 7804.486276150888
2 363 7805.996919194002
2 364 7807.50762864931
2 365 7809.018513834856
2 366 7810.529609973739
2 367 7812.04028226415
2 368 7813.551032559382
2 369 7815.062465728854
2 370 7816.57333937507
2 371 7818.083976315149
2 372 7819.594654419336
2 373 7821.105534700274
2 374 7822.616690495946
2 375 7824.12737933083
2 376 7825.638118181413
2 377 7827.149514584769
2 378 7828.660397056106
2 379 7830.171033783654
2 380 7831.681687667037
2 381 7833.192565972195
2 382 7834.703778868551
2 383 7836.214478266964
2 384 7837.725206660041
2 385 7839.236561640882
2 386 7840.7474510768425
2 387 7842.2580951102045
2 388 7843.768732305518
2 389 7845.279601171642
2 390 7846.790868253339
2 391 7848.301582417968
2 392 7849.812300135733
2 393 7851.323610047364
2 394 7852.834506012272
2 395 7854.3451551382295
2 396 7855.855781107482
2 397 7857.366643651386
2 398 7858.877960706196
2 399 7860.388693053982
2 400 7861.899402306613
2 401 7863.41065507258
2 402 7864.921554364057
2 403 7866.432218530897
2 404 7867.942838538153
2 405 7869.453696389341
2 406 7870.965060729282
2 407 7872.475805573939
2 408 7873.986503873976
2 409 7875.497698706034
2 410 7877.008600017421
2 411 7878.519287744752
2 412 7880.029909341349
2 413 7881.540756402639
2 414 7883.052158428616
2 415 7884.562919936324
2 416 7886.073608268479
2 417 7887.584743349963
2 418 7889.095648784699
2 419 7890.60636181178
2 420 7892.116983970506
2 421 7893.627823229956
2 422 7895.139257123241
2 423 7896.650036312734
2 424 7898.160719033059
2 425 7899.671788743809
2 426 7901.182691909783
2 427 7902.693440688967
2 428 7904.204067631483
2 429 7905.714898935992
2 430 7907.226361082666
2 431 7908.737154606988
2 432 7910.247826393836
2 433 7911.758833119696
2 434 7913.269734617524
2 435 7914.780525832079
2 436 7916.2911639431095
2 437 7917.801984392917
2 438 7919.313460372233
2 439 7920.824270233876
2 440 7922.334934224371
2 441 7923.845879151256
2 442 7925.356781915451
2 443 7926.867619661891
2 444 7928.378264027538
2 445 7929.8890745191065
2 446 7931.400558511331
2 447 7932.911383829142
2 448 7934.422044672848
2 449 7935.932930273655
2 450 7937.443826625001
2 451 7938.954716832344
2 452 7940.465372177027
2 453 7941.976171725887
2 454 7943.487658459879
2 455 7944.9984989610875
2 456 7946.509150723928
2 457 7948.019980818307
2 458 7949.530873332611
2 459 7951.041819399503
2 460 7952.552490166487
2 461 7954.063279496363
2 462 7955.574753336157
2 463 7957.085607261076
2 464 7958.596254935561
2 465 7960.1070346411725
2 466 7961.617925465803
2 467 7963.128931763022
2 468 7964.639612419669
2 469 7966.15038916529
2 470 7967.661844972194
2 471 7969.172711104111
2 472 7970.683358377622
2 473 7972.194096750272
2 474 7973.7049795156545
2 475 7975.216044949669
2 476 7976.726740136889
2 477 7978.237504185079
2 478 7979.748935299921
2 479 7981.259815686739
2 480 7982.770459075169
2 481 7984.28115917009
2 482 7985.792037089301
2 483 7987.303162349891
2 484 7988.813873844884
2 485 7990.32462849851
2 486 7991.836022211979
2 487 7993.346911222987
2 488 7994.8575567201815
2 489 7996.368226831365
2 490 7997.87910045414
2 491 7999.3902881373115
2 492 8000.9010123279395
2 493 8002.411752335353
2 494 8003.923104218769
2 495 8005.434001751021
2 496 8006.944652762973
2 497 8008.45530401487
2 498 8009.966170180348
2 499 8011.477412508217
2 500 8012.988152217731
2 501 8014.498879527987
2 502 8016.010183282595
2 503 8017.52109201513
2 504 8019.0317505982
2 505 8020.54238307298
2 506 8022.053243522653
2 507 8023.564539286975
2 508 8025.075294086107
2 509 8026.586012756566
2 510 8028.097261753745
2 511 8029.608173778992
2 512 8031.118846325546
2 513 8032.62946852337
2 514 8034.1403226689945
2 515 8035.651670888103
2 516 8037.162440248486
2 517 8038.6731440616495
2 518 8040.1843344293875
2 519 8041.695251111895
2 520 8043.205942658778
2 521 8044.716562749974
2 522 8046.227411011532
2 523 8047.73879963298
2 524 8049.249582958256
2 525 8050.760275828709
2 526 8052.27140437704
2 527 8053.782327343435
2 528 8055.293045653819
2 529 8056.803660935459
2 530 8058.314501872258
2 531 8059.825927831361
2 532 8061.336724090269
2 533 8062.84740919041
2 534 8064.358476456983
2 535 8065.869398129194
2 536 8067.38014754852
2 537 8068.890765027047
2 538 8070.401598299671
2 539 8071.913056176469
2 540 8073.423867470284
2 541 8074.934540156354
2 542 8076.445543021313
2 543 8077.956465348929
2 544 8079.467251940862
2 545 8080.977875902083
2 546 8082.488704377788
2 547 8084.000181139308
2 548 8085.511003050636
2 549 8087.021667812622
2 550 8088.532608539061
2 551 8090.04353132368
2 552 8091.554364426447
2 553 8093.064992837367
2 554 8094.575811632346
2 555 8096.087301798665
2 556 8097.598134374493
2 557 8099.108792846172
2 558 8100.619678017521
2 559 8102.130596400184
2 560 8103.641475747338
2 561 8105.15211359736
2 562 8106.662923850637
2 563 8108.174418437672
2 564 8109.685264837187
2 565 8111.195915867287
2 566 8112.706743849071
2 567 8114.217658742148
2 568 8115.728590042865
2 569 8117.239238916453
2 570 8118.750044050144
2 571 8120.2615320277555
2 572 8121.772385255964
2 573 8123.283032017304
2 574 8124.793810803323
2 575 8126.304720818549
2 576 8127.815711060835
2 577 8129.326371641394
2 578 8130.837164821063
2 579 8132.348637915038
2 580 8133.859499710555
2 581 8135.370143280571
2 582 8136.880882565274
2 583 8138.391786623317
2 584 8139.902831296658
2 585 8141.41350515322
2 586 8142.924289126423
2 587 8144.435737559617
2 588 8145.946610353813
2 589 8147.457253888548
2 590 8148.96795408039
2 591 8150.4788505433935
2 592 8151.9899537480915
2 593 8153.500641373882
2 594 8155.011418417047
2 595 8156.52283504415
2 596 8158.0337116563815
2 597 8159.5443561504
2 598 8161.055028221518
2 599 8162.565916147408
2 600 8164.07708014628
2 601 8165.587784696195
2 602 8167.0985485487845
2 603 8168.609923005537
2 604 8170.120806063025
2 605 8171.631454637555
2 606 8173.142107300542
2 607 8174.652988746562
2 608 8176.164206783084
2 609 8177.674925566427
2 610 8179.185679472094
2 611 8180.697004824487
2 612 8182.2078949466295
2 613 8183.718555210973
2 614 8185.229190185996
2 615 8186.740060487881
2 616 8188.251333319072
2 617 8189.762067405793
2 618 8191.272811830547
2 619 8192.784085458517
2 620 8194.294977669593
2 621 8195.80564965898
2 622 8197.316275822424
2 623 8198.827135908323
2 624 8200.338460403933
2 625 8201.849213858211
2 626 8203.35994543353
2 627 8204.871157106523
2 628 8206.38205315065
2 629 8207.892744309072
2 630 8209.40336615671
2 631 8210.914219403456
2 632 8212.425588470027
2 633 8213.93635516515
2 634 8215.44707586265
2 635 8216.958224258431
2 636 8218.469123169958
2 637 8219.979843878076
2 638 8221.490463721415
2 639 8223.001303483024
2 640 8224.512712767935
2 641 8226.02349510247
2 642 8227.534204398255
2 643 8229.045291117136
2 644 8230.556191360602
2 645 8232.066941284265
2 646 8233.577562914243
2 647 8235.088392166692
2 648 8236.599834409464
2 649 8238.11063548758
2 650 8239.621333942909
2 651 8241.132352066503
2 652 8242.643252671647
2 653 8244.1540414524
2 654 8245.664666576124
2 655 8247.175488078792
2 656 8248.686956835034
2 657 8250.19776933994
2 658 8251.708456186541
2 659 8253.219410579473
2 660 8254.730310387235
2 661 8256.241146661294
2 662 8257.75177923709
2 663 8259.262586587578
2 664 8260.7740717417
2 665 8262.284898732309
2 666 8263.795574297847
2 667 8265.306469852598
2 668 8266.817370395676
2 669 8268.328252996163
2 670 8269.838891998772
2 671 8271.349689053794
2 672 8272.861181865255
2 673 8274.372024245871
2 674 8275.88269247559
2 675 8277.393528183078
2 676 8278.904425015495
2 677 8280.415361756857
2 678 8281.926009087087
2 679 8283.436796943144
2 680 8284.948291714278
2 681 8286.459143598833
2 682 8287.969800859359
2 683 8289.480585722016
2 684 8290.99147908963
2 685 8292.502473977263
2 686 8294.013134827483
2 687 8295.523909639714
2 688 8297.035391916255
2 689 8298.546255351363
2 690 8300.056904584477
2 691 8301.567645429419
2 692 8303.078538404396
2 693 8304.589589993067
2 694 8306.100259683206
2 695 8307.611024225751
2 696 8309.122486569684
2 697 8310.633360350057
2 698 8312.144007532144
2 699 8313.654709564427
2 700 8315.165595170529
2 701 8316.676706261414
2 702 8318.18738821018
2 703 8319.698142248972
2 704 8321.20957957997
2 705 8322.720461009816
2 706 8324.231101616195
2 707 8325.74177378122
2 708 8327.252654258346
2 709 8328.763824074793
2 710 8330.274522997368
2 711 8331.78526638512
2 712 8333.296663487807
2 713 8334.80755182162
2 714 8336.31819249753
2 715 8337.828841807772
2 716 8339.33971987496
2 717 8340.850947019222
2 718 8342.361656756302
2 719 8343.872389320162
2 720 8345.38374191161
2 721 8346.894635254122
2 722 8348.40528329053
2 723 8349.9159182824
2 724 8351.426786655938
2 725 8352.938067052579
2 726 8354.448792066954
2 727 8355.959513662947
2 728 8357.470817626034
2 729 8358.98171661952
2 730 8360.492370373835
2 731 8362.002995055132
2 732 8363.513857048729
2 733 8365.025186680425
2 734 8366.535929664657
2 735 8368.046643320946
2 736 8369.557887243958
2 737 8371.068787530452
2 738 8372.579457207416
2 739 8374.090077033256
2 740 8375.60093367524
2 741 8377.112310540151
2 742 8378.623066407152
2 743 8380.133768401029
2 744 8381.64495162342
2 745 8383.15585243685
2 746 8384.666545986418
2 747 8386.177168942144
2 748 8387.688015054322
2 749 8389.199428334217
2 750 8390.71020078854
2 751 8392.220892608619
2 752 8393.73201307221
2 753 8395.242917106918
2 754 8396.75363739686
2 755 8398.26426128256
2 756 8399.77509933734
2 757 8401.286543615575
2 758 8402.797332883181
2 759 8404.30801907211
2 760 8405.81907275872
2 761 8407.32997291493
2 762 8408.840729729123
2 763 8410.351359318382
2 764 8411.862188661646
2 765 8413.373660179543
2 766 8414.884463987728
2 767 8416.395138527892
2 768 8417.906127527447
2 769 8419.417025170973
2 770 8420.927824683818
2 771 8422.438466209507
2 772 8423.94928522501
2 773 8425.460768822435
2 774 8426.971588009988
2 775 8428.482254560868
2 776 8429.993180400235
2 777 8431.504078434295
2 778 8433.014925991853
2 779 8434.525574207591
2 780 8436.03638267367
2 781 8437.547872707546
2 782 8439.05870604931
2 783 8440.569368792432
2 784 8442.080235765581
2 785 8443.59112668547
2 786 8445.102026931496
2 787 8446.612686924254
2 788 8448.123483884428
2 789 8449.634974223258
2 790 8451.145822487464
2 791 8452.656475727523
2 792 8454.167286970614
2 793 8455.678173821674
2 794 8457.189130190274
2 795 8458.699805700171
2 796 8460.2105929715
2 797 8461.722068108369
2 798 8463.232928090272
2 799 8464.74357694011
2 800 8466.254338439432
2 801 8467.765222870981
2 802 8469.27624064865
2 803 8470.786926722863
2 804 8472.297700673425
2 805 8473.80915514602
2 806 8475.320025907133
2 807 8476.830673314875
2 808 8478.341395326655
2 809 8479.85227199008
2 810 8481.363348775709
2 811 8482.874049772052
2 812 8484.384810843367
2 813 8485.896236987444
2 814 8487.407121120154
2 815 8488.917764797778
2 816 8490.42844958247
2 817 8491.93932143574
2 818 8493.450458418321
2 819 8494.961175276057
2 820 8496.471927223705
2 821 8497.983313344625
2 822 8499.494204137447
2 823 8501.004849645033
2 824 8502.515506378331
2 825 8504.026373432476
2 826 8505.537573374822
2 827 8507.048303658072
2 828 8508.559040424949
2 829 8510.070381281577
2 830 8511.58127924746
2 831 8513.091929642773
2 832 8514.602569502904
2 833 8516.113430008987
2 834 8517.624684345232
2 835 8519.135429833621
2 836 8520.64615404246
2 837 8522.157442933109
2 838 8523.66835061484
2 839 8525.179009689195
2 840 8526.689632297628
2 841 8528.200486960395
2 842 8529.711794890673
2 843 8531.222554735126
2 844 8532.73327014075
2 845 8534.244501952933
2 846 8535.75541127177
2 847 8537.266084475348
2 848 8538.77669875305
2 849 8540.287546886162
2 850 8541.79890671343
2 851 8543.309681574487
2 852 8544.820382054533
2 853 8546.331551929723
2 854 8547.842464707997
2 855 8549.353157364041
2 856 8550.863770690039
2 857 8552.374613900543
2 858 8553.88601356648
2 859 8555.39680136155
2 860 8556.907491098453
2 861 8558.418596463238
2 862 8559.929513698526
2 863 8561.44023491253
2 864 8562.95084506699
2 865 8564.46168050674
2 866 8565.973116695095
2 867 8567.48391665252
2 868 8568.994598025763
2 869 8570.505640857591
2 870 8572.016555847986
2 871 8573.52730869707
2 872 8575.037922557474
2 873 8576.548750366821
2 874 8578.060216394697
2 875 8579.571031277235
2 876 8581.081700626804
2 877 8582.592677165892
2 878 8584.103591739604
2 879 8585.614382979265
2 880 8587.12500392569
2 881 8588.635827472877
2 882 8590.14731098926
2 883 8591.658135102905
2 884 8593.168796416026
2 885 8594.679710295199
2 886 8596.190623643308
2 887 8597.701463072633
2 888 8599.212090360123
2 889 8600.722903691609
2 890 8602.23439808146
2 891 8603.745232161136
2 892 8605.255886389232
2 893 8606.766745020526
2 894 8608.277653829764
2 895 8609.788540331525
2 896 8611.299178033001
2 897 8612.8099830088
2 898 8614.321478213044
2 899 8615.832325304731
2 900 8617.342972752509
2 901 8618.853774605866
2 902 8620.364678940834
2 903 8621.875618957007
2 904 8623.386268155351
2 905 8624.8970678923
2 906 8626.408553880525
2 907 8627.91940655762
2 908 8629.430049204104
2 909 8630.94080354886
2 910 8632.45170196921
2 911 8633.962702083802
2 912 8635.473364833826
2 913 8636.984152350222
2 914 8638.495619146011
2 915 8640.006479698968
2 916 8641.517118686566
2 917 8643.027835135323
2 918 8644.538728068377
2 919 8646.049783833836
2 920 8647.560460153567
2 921 8649.07123858919
2 922 8650.58267621713
2 923 8652.093546338021
2 924 8653.604186212151
2 925 8655.114866016296
2 926 8656.62575052327
2 927 8658.13686619758
2 928 8659.647556767684
2 929 8661.158327551082
2 930 8662.669729781443
2 931 8664.180602950946
2 932 8665.691243432584
2 933 8667.20189783902
2 934 8668.712773613657
2 935 8670.223950454307
2 936 8671.734659230144
2 937 8673.245416997332
2 938 8674.756772001809
2 939 8676.267650755139
2 940 8677.77829598109
2 941 8679.288932843494
2 942 8680.799802767497
2 943 8682.31103486368
2 944 8683.821757617934
2 945 8685.332505235174
2 946 8686.843806906967
2 947 8688.3546910187
2 948 8689.865349511872
2 949 8691.375971759879
2 950 8692.88683004787
2 951 8694.398117249844
2 952 8695.908855708083
2 953 8697.419592849697
2 954 8698.930839177314
2 955 8700.4417251361
2 956 8701.95239628302
2 957 8703.463011759412
2 958 8704.973860253796
2 959 8706.485198362483
2 960 8707.995956506726
2 961 8709.50668133867
2 962 8711.017861745499
2 963 8712.528750372965
2 964 8714.039442875137
2 965 8715.550055313237
2 966 8717.060897286667
2 967 8718.57228025576
2 968 8720.083051184185
2 969 8721.59376447406
2 970 8723.104879007793
2 971 8724.615769020675
2 972 8726.126493173264
2 973 8727.63710628619
2 974 8729.147934809227
2 975 8730.659356347163
2 976 8732.170142984922
2 977 8733.680844075781
2 978 8735.191894619358
2 979 8736.7027860762
2 980 8738.213541643712
2 981 8739.724157574778
2 982 8741.234976189924
2 983 8742.74642845579
2 984 8744.257233071145
2 985 8745.767923988986
2 986 8747.278904777222
2 987 8748.789795252282
2 988 8750.300592366773
2 989 8751.811212976107
2 990 8753.32202365868
2 991 8754.833500819033
2 992 8756.344316484527
2 993 8757.854994874775
2 994 8759.36591186382
2 995 8760.876800685362
2 996 8762.38764705865
2 997 8763.898277387576
2 998 8765.409074560554
2 999 8766.92056421037
2 1000 8768.4313938323
2 1001 8769.942060693362
2 1002 8771.452918849018
2 1003 8772.963808602395
2 1004 8774.474704027114
2 1005 8775.985341434105
2 1006 8777.496128696526
2 1007 8779.007622180461
2 1008 8780.518465608404
2 1009 8782.029125696112
2 1010 8783.539926230636
2 1011 8785.05081118462
2 1012 8786.561762879273
2 1013 8788.072410036873
2 1014 8789.58318762809
2 1015 8791.094679139736
2 1016 8792.605531861369
2 1017 8794.116180401415
2 1018 8795.626932360994
2 1019 8797.137813721058
2 1020 8798.648824682321
2 1021 8800.159486972703
2 1022 8801.670252639813
2 1023 8803.18172617005
2 1024 8804.692589181752
2 1025 8806.203230212333
2 1026 8807.713940494647
2 1027 8809.224821486265
2 1028 8810.735891688837
2 1029 8812.24656351771
2 1030 8813.757318830607
2 1031 8815.26876746264
2 1032 8816.779638980706
2 1033 8818.290278527496
2 1034 8819.800954570193
2 1035 8821.311827806425
2 1036 8822.822958397604
2 1037 8824.333643860191
2 1038 8825.844388280932
2 1039 8827.355806344847
2 1040 8828.866685357494
2 1041 8830.377319034515
2 1042 8831.887968466473
2 1043 8833.398836912354
2 1044 8834.910026593214
2 1045 8836.420729669406
2 1046 8837.93146464708
2 1047 8839.442837013865
2 1048 8840.953721107027
2 1049 8842.464356559025
2 1050 8843.974986541662
2 1051 8845.485852268937
2 1052 8846.99710070225
2 1053 8848.507815456524
2 1054 8850.018539071903
2 1055 8851.529862022328
2 1056 8853.040749583557
2 1057 8854.55139377454
2 1058 8856.062014015164
2 1059 8857.572870495485
3 1 7258.587222301869
3 2 7261.008340759466
3 3 7263.430244930011
3 4 7265.852185917908
3 5 7268.274470451994
3 6 7270.696518097797
3 7 7273.117643426231
3 8 7275.539549130341
3 9 7277.961562957443
3 10 7280.3837806509655
3 11 7282.805803900066
3 12 7285.226930207414
3 13 7287.648858171266
3 14 7290.0709515437475
3 15 7292.493063443669
3 16 7294.915064414641
3 17 7297.336209946368
3 18 7299.758197784576
3 19 7302.180311927512
3 20 7304.602333602409
3 21 7307.024304476133
3 22 7309.445518954786
3 23 7311.867512350667
3 24 7314.289666389767
3 25 7316.711584137778
3 26 7319.133552097348
3 27 7321.554805774215
3 28 7323.976837875165
3 29 7326.399017712091
3 30 7328.820827050135
3 31 7331.242767601083
3 32 7333.664092577799
3 33 7336.086183814657
3 34 7338.508349432058
3 35 7340.9300509134855
3 36 7343.351968638024
3 37 7345.7734078585645
3 38 7348.195505564618
3 39 7350.617665579157
3 40 7353.03925323915
3 41 7355.461188419151
3 42 7357.882697305225
3 43 7360.304830589302
3 44 7362.7269653695985
3 45 7365.148466015843
3 46 7367.570372429187
3 47 7369.991990280221
3 48 7372.414152613447
3 49 7374.836257872107
3 50 7377.25765207097
3 51 7379.679552421959
3 52 7382.101300310648
3 53 7384.5234507613695
3 54 7386.9455216178885
3 55 7389.366821300641
3 56 7391.788753752132
3 57 7394.210586550949
3 58 7396.632735151744
3 59 7399.054761732963
3 60 7401.476012441181
3 61 7403.89792271481
3 62 7406.319872908706
3 63 7408.741998078732
3 64 7411.164006044159
3 65 7413.585172499245
3 66 7416.0070975909375
3 67 7418.429159961912
3 68 7420.851248287685
3 69 7423.273209570499
3 70 7425.694325472669
3 71 7428.116289015968
3 72 7430.538431219132
3 73 7432.960471082111
3 74 7435.382390467319
3 75 7437.803502977236
3 76 7440.22545950435
3 77 7442.647692420103
3 78 7445.069665393471
3 79 7447.491582304902
3 80 7449.91265199202
3 81 7452.3346398877275
3 82 7454.756939370829
3 83 7457.178860159769
3 84 7459.6007275684815
3 85 7462.021803366296
3 86 7464.443827803209
3 87 7466.866181475083
3 88 7469.288016256847
3 89 7471.7098582190665
3 90 7474.130973887653
3 91 7476.553010863538
3 92 7478.975399620835
3 93 7481.397146181588
3 94 7483.81900056541
3 95 7486.240125888738
3 96 7488.662198774524
3 97 7491.084594799856
3 98 7493.506284994996
3 99 7495.928100562279
3 100 7498.349283694534
3 101 7500.771383198651
3 102 7503.193794412242
3 103 7505.615379659619
3 104 7508.037195684362
3 105 7510.458450284403
3 106 7512.880575086535
3 107 7515.302956800748
3 108 7517.724457267521
3 109 7520.146298304104
3 110 7522.567612471726
3 111 7524.989754537021
3 112 7527.4120957532
3 113 7529.833545468437
3 114 7532.255372300851
3 115 7534.67677555473
3 116 7537.098916023955
3 117 7539.5212429428
3 118 7541.942593208247
3 119 7544.364446682125
3 120 7546.7859359600625
3 121 7549.2080862996245
3 122 7551.630344925122
3 123 7554.05163442426
3 124 7556.473522121686
3 125 7558.895105083986
3 126 7561.317223521769
3 127 7563.739429242882
3 128 7566.160682741826
3 129 7568.582588408578
3 130 7571.004263226496
3 131 7573.426338488266
3 132 7575.848519033292
3 133 7578.2697038089955
3 134 7580.69165348384
3 135 7583.113409868326
3 136 7585.535462742734
3 137 7587.9575645155655
3 138 7590.378724775761
3 139 7592.800714279922
3 140 7595.222572492638
3 141 7597.644543818714
3 142 7600.066598958408
3 143 7602.487747127962
3 144 7604.909785172934
3 145 7607.331709330709
3 146 7609.753608040222
3 147 7612.175631745757
3 148 7614.596761281172
3 149 7617.018847028827
3 150 7619.440830810079
3 151 7621.86267697737
3 152 7624.284630890021
3 153 7626.70577492307
3 154 7629.12790260694
3 155 7631.5499671593125
3 156 7633.9717022938385
3 157 7636.393621837258
3 158 7638.814784949208
3 159 7641.236981016894
3 160 7643.659065760934
3 161 7646.080717299404
3 162 7648.502603950555
3 163 7650.923805813141
3 164 7653.346038930762
3 165 7655.768149598963
3 166 7658.189728730691
3 167 7660.611570695306
3 168 7663.0328196750015
3 169 7665.455091535008
3 170 7667.877240137268
3 171 7670.298706866166
3 172 7672.720527559615
3 173 7675.141828193937
3 174 7677.5641672222155
3 175 7679.986289615359
3 176 7682.407678360967
3 177 7684.829472951673
3 178 7687.250861067664
3 179 7689.673208365832
3 180 7692.095326120738
3 181 7694.51663951072
3 182 7696.938424550884
3 183 7699.3598778130145
3 184 7701.782241775717
3 185 7704.2043586321515
3 186 7706.625587000576
3 187 7709.047362230372
3 188 7711.468891739494
3 189 7713.8912844836
3 190 7716.313358015526
3 191 7718.734528318611
3 192 7721.156292977795
3 193 7723.577934524191
3 194 7726.000285270201
3 195 7728.422344112813
3 196 7730.843458328517
3 197 7733.265248834961
3 198 7735.686954027617
3 199 7738.109279015473
3 200 7740.531317689427
3 201 7742.952398225201
3 202 7745.374186753035
3 203 7747.795975087215
3 204 7750.218270820293
3 205 7752.6402747892735
3 206 7755.061329597544
3 207 7757.483127937781
3 208 7759.905019944162
3 209 7762.327230331649
3 210 7764.74921484151
3 211 7767.170254403334
3 212 7769.592104364524
3 213 7772.014040134965
3 214 7774.436183928481
3 215 7776.858138757619
3 216 7779.279207621181
3 217 7781.701060771013
3 218 7784.123063007981
3 219 7786.5451269220275
3 220 7788.967065409613
3 221 7791.388147152362
3 222 7793.810030769749
3 223 7796.232097655886
3 224 7798.654055665093
3 225 7801.075968644244
3 226 7803.497087614787
3 227 7805.9190341899675
3 228 7808.34111316694
3 229 7810.76297459337
3 230 7813.184858130174
3 231 7815.60606360258
3 232 7818.028018776726
3 233 7820.450125752199
3 234 7822.871877671751
3 235 7825.293765723637
3 236 7827.7150207235345
3 237 7830.137019716402
3 238 7832.559135826936
3 239 7834.980786130945
3 240 7837.402644003509
3 241 7839.823985373166
3 242 7842.2460399667225
3 243 7844.6681375086855
3 244 7847.089677387238
3 245 7849.511516711604
3 246 7851.932980411471
3 247 7854.355042943915
3 248 7856.777124830326
3 249 7859.198553430446
3 250 7861.620415325879
3 251 7864.041955456672
3 252 7866.464049694744
3 253 7868.886098353846
3 254 7871.307450660675
3 255 7873.7292837678115
3 256 7876.150939644938
3 257 7878.573052099239
3 258 7880.995075914171
3 259 7883.416324132062
3 260 7885.838157885716
3 261 7888.259940900241
3 262 7890.6820410119035
3 263 7893.104025943012
3 264 7895.525189753159
3 265 7897.947057811078
3 266 7900.368927453007
3 267 7902.79101730051
3 268 7905.212958000752
3 269 7907.634084963666
3 270 7910.055934870272
3 271 7912.4779178745985
3 272 7914.8999751980355
3 273 7917.321904045851
3 274 7919.742955146003
3 275 7922.164826422252
3 276 7924.586909977859
3 277 7927.008932285737
3 278 7929.43081270024
3 279 7931.851828436729
3 280 7934.2737378707025
3 281 7936.695897837266
3 282 7939.117863757006
3 283 7941.53970751419
3 284 7943.960731240897
3 285 7946.38264103966
3 286 7948.804878584154
3 287 7951.226773507852
3 288 7953.6486208861725
3 289 7956.069615338327
3 290 7958.491560370242
3 291 7960.913848966696
3 292 7963.335694210515
3 293 7965.757495020618
3 294 7968.178510981402
3 295 7970.600490882984
3 296 7973.022826570482
3 297 7975.444579942648
3 298 7977.866364855091
3 299 7980.287429210684
3 300 7982.709430041906
3 301 7985.1317836237695
3 302 7987.553449325711
3 303 7989.975252044382
3 304 7992.396341403502
3 305 7994.818377754794
3 306 7997.2407251280365
3 307 7999.662335665695
3 308 8002.084108130545
3 309 8004.505266331044
3 310 8006.927326541378
3 311 8009.34968168517
3 312 8011.771184940741
3 313 8014.192968453286
3 314 8016.614203404496
3 315 8019.036294016799
3 316 8021.458606169678
3 317 8023.880028350033
3 318 8026.301840767693
3 319 8028.723149335898
3 320 8031.145250818014
3 321 8033.567517414298
3 322 8035.98888851095
3 323 8038.41069845124
3 324 8040.8321010662385
3 325 8043.254196565829
3 326 8045.676445081619
3 327 8048.097719334897
3 328 8050.5195634741685
3 329 8052.941054855764
3 330 8055.363160630437
3 331 8057.785335545843
3 332 8060.206554173644
3 333 8062.62843455596
3 334 8065.050029486871
3 335 8067.472095726487
3 336 8069.894219283845
3 337 8072.315401660637
3 338 8074.73731154181
3 339 8077.158997238583
3 340 8079.581019014642
3 341 8082.003114649526
3 342 8084.424236237612
3 343 8086.846192531061
3 344 8089.267960620621
3 345 8091.689958841138
3 346 8094.111977037925
3 347 8096.533079454685
3 348 8098.955076036626
3 349 8101.376949745562
3 350 8103.798862333087
3 351 8106.22083803448
3 352 8108.641930273342
3 353 8111.063983778543
3 354 8113.485918183487
3 355 8115.90776019042
3 356 8118.329703000263
3 357 8120.750788624046
3 358 8123.172887193361
3 359 8125.594880856367
3 360 8128.016668083649
3 361 8130.438548577
3 362 8132.859653547865
3 363 8135.281793646134
3 364 8137.703865810234
3 365 8140.125542842271
3 366 8142.547393781219
3 367 8144.968522861545
3 368 8147.390734727946
3 369 8149.8128210826135
3 370 8152.234417711793
3 371 8154.65623713281
3 372 8157.077418204446
3 373 8159.499661174855
3 374 8161.921772501639
3 375 8164.343294522318
3 376 8166.765081218611
3 377 8169.186313097164
3 378 8171.608593574358
3 379 8174.030736904701
3 380 8176.452152379279
3 381 8178.873922274274
3 382 8181.295213025118
3 383 8183.7175576988175
3 384 8186.139672362318
3 385 8188.561012995489
3 386 8190.982761572468
3 387 8193.404150387887
3 388 8195.826495575393
3 389 8198.248605354373
3 390 8200.669870943078
3 391 8203.091623202517
3 392 8205.513079031994
3 393 8207.935437401002
3 394 8210.357540869101
3 395 8212.778732109076
3 396 8215.200477719689
3 397 8217.622016809837
3 398 8220.044395624798
3 399 8222.466458536059
3 400 8224.887595543898
3 401 8227.309337485069
3 402 8229.730993350411
3 403 8232.153324589983
3 404 8234.575371625651
3 405 8236.996457590316
3 406 8239.418235970903
3 407 8241.839955795007
3 408 8244.262257184604
3 409 8246.684279453662
3 410 8249.105345445158
3 411 8251.527123700995
3 412 8253.948930943052
3 413 8256.371193971532
3 414 8258.793186677018
3 415 8261.214231511114
3 416 8263.636027373925
3 417 8266.057936377594
3 418 8268.480113249063
3 419 8270.902083128267
3 420 8273.323121675208
3 421 8275.744975471138
3 422 8278.166928124649
3 423 8280.589033825454
3 424 8283.010971413734
3 425 8285.43205202518
3 426 8287.853911567092
3 427 8290.275930552327
3 428 8292.697949049085
3 429 8295.119876095792
3 430 8297.54097427251
3 431 8299.962871749405
3 432 8302.384948674902
3 433 8304.806864439652
3 434 8307.228761823784
3 435 8309.649907703955
3 436 8312.071870000873
3 437 8314.49395971207
3 438 8316.915773943228
3 439 8319.337642610431
3 440 8321.758883417222
3 441 8324.180858724598
3 442 8326.602972213543
3 443 8329.024673178197
3 444 8331.446551391884
3 445 8333.867846502884
3 446 8336.289870261598
3 447 8338.711985332378
3 448 8341.133590139367
3 449 8343.555435532075
3 450 8345.976825773685
3 451 8348.3989026483
3 452 8350.821002130382
3 453 8353.242492517178
3 454 8355.664323737508
3 455 8358.085838463916
3 456 8360.507928076551
3 457 8362.930006712852
3 458 8365.351387011842
3 459 8367.773244037762
3 460 8370.194839759197
3 461 8372.616959995268
3 462 8375.039001827405
3 463 8377.460312036841
3 464 8379.882141311344
3 465 8382.303856477809
3 466 8384.725989195666
3 467 8387.14801170472
3 468 8389.569217097056
3 469 8391.99105352321
3 470 8394.41289189204
3 471 8396.835016619252
3 472 8399.256995939415
3 473 8401.678123446012
3 474 8404.099995053815
3 475 8406.521923699665
3 476 8408.94403289044
3 477 8411.365968820563
3 478 8413.78706537577
3 479 8416.208924109427
3 480 8418.630963219746
3 481 8421.053034649747
3 482 8423.474963625484
3 483 8425.89598894229
3 484 8428.317874748613
3 485 8430.74000657618
3 486 8433.162046331285
3 487 8435.58392453103
3 488 8438.004924638763
3 489 8440.426847462404
3 490 8442.849057570726
3 491 8445.271033494095
3 492 8447.69287992625
3 493 8450.11389286049
3 494 8452.535824359606
3 495 8454.958103348617
3 496 8457.38000517801
3 497 8459.801858357365
3 498 8462.22285204759
3 499 8464.644821327402
3 500 8467.067142607006
3 501 8469.488995360107
3 502 8471.910803918887
3 503 8474.331829369163
3 504 8476.753831544285
3 505 8479.17619929113
3 506 8481.59795290559
3 507 8484.019752947283
3 508 8486.440830442749
3 509 8488.862862469692
3 510 8491.285236503192
3 511 8493.70690194584
3 512 8496.128720775405
3 513 8498.549836875334
3 514 8500.971902738196
3 515 8503.394264119937
3 516 8505.815871751562
3 517 8508.23766685438
3 518 8510.658859247065
3 519 8513.080946803235
3 520 8515.503313449512
3 521 8517.924809851407
3 522 8520.346622421892
3 523 8522.767894678786
3 524 8525.190018253481
3 525 8527.612332687377
3 526 8530.03374966794
3 527 8532.455590238824
3 528 8534.87695004129
3 529 8537.299077824224
3 530 8539.721345849548
3 531 8542.142707367539
3 532 8544.564554989996
3 533 8546.986011533803
3 534 8549.40813083686
3 535 8551.830378025461
3 536 8554.251644764581
3 537 8556.673529452793
3 538 8559.095077248472
3 539 8561.517207162653
3 540 8563.939377506485
3 541 8566.360591525452
3 542 8568.782510952595
3 543 8571.204172342816
3 544 8573.626254823139
3 545 8576.048376340219
3 546 8578.469551003067
3 547 8580.891509983428
3 548 8583.313259460696
3 549 8585.735296795476
3 550 8588.157386291616
3 551 8590.578509032186
3 552 8593.000513037867
3 553 8595.422346284231
3 554 8597.844356166444
3 555 8600.266370833486
3 556 8602.687477859025
3 557 8605.10952154076
3 558 8607.53146328901
3 559 8609.953382412607
3 560 8612.375357027691
3 561 8614.796454781219
3 562 8617.218563365794
3 563 8619.640559213045
3 564 8622.06240801473
3 565 8624.484345561123
3 566 8626.905450646967
3 567 8629.327599866407
3 568 8631.749654538691
3 569 8634.171441545144
3 570 8636.59332452598
3 571 8639.014452445852
3 572 8641.436644483028
3 573 8643.858772495749
3 574 8646.280448972804
3 575 8648.702303018594
3 576 8651.123460759884
3 577 8653.545728253717
3 578 8655.967863318574
3 579 8658.38945873881
3 580 8660.811279185185
3 581 8663.23250384749
3 582 8665.654797090023
3 583 8668.076954399392
3 584 8670.49846781981
3 585 8672.920266348443
3 586 8675.341544512774
3 587 8677.7638771642
3 588 8680.18605626879
3 589 8682.607468137567
3 590 8685.029248522469
3 591 8687.450594214408
3 592 8689.872987726343
3 593 8692.295135451379
3 594 8694.716470581643
3 595 8697.138231095143
3 596 8699.559685441262
3 597 8701.9820735843
3 598 8704.404213189695
3 599 8706.825469157511
3 600 8709.247244022248
3 601 8711.668766510184
3 602 8714.09116628503
3 603 8716.51329043225
3 604 8718.934481635226
3 605 8721.356247427062
3 606 8723.777860917646
3 607 8726.200270937807
3 608 8728.622358166136
3 609 8731.04349331462
3 610 8733.465260400546
3 611 8735.886992820375
3 612 8738.30935188332
3 613 8740.731418436697
3 614 8743.152504220088
3 615 8745.574315190495
3 616 8747.996111195096
3 617 8750.418435792097
3 618 8752.840470753894
3 619 8755.261548324832
3 620 8757.683357707954
3 621 8760.105243687476
3 622 8762.527517984528
3 623 8764.949529799353
3 624 8767.370586058367
3 625 8769.792420293512
3 626 8772.21440093052
3 627 8774.636589863176
3 628 8777.058572059725
3 629 8779.479629734844
3 630 8781.901524495921
3 631 8784.323547463438
3 632 8786.745657754582
3 633 8789.167604764305
3 634 8791.588715257825
3 635 8794.010617404927
3 636 8796.432701572345
3 637 8798.854714540286
3 638 8801.276657540433
3 639 8803.697788708592
3 640 8806.119735350627
3 641 8808.541864107825
3 642 8810.963777908313
3 643 8813.385684713656
3 644 8815.806875035125
3 645 8818.22888402409
3 646 8820.651024188592
3 647 8823.072827430013
3 648 8825.494707602173
3 649 8827.915999704157
3 650 8830.338026394678
3 651 8832.760178897246
3 652 8835.181863324018
3 653 8837.603757566887
3 654 8840.02511079351
3 655 8842.447187414575
3 656 8844.86932811596
3 657 8847.290920745398
3 658 8849.71277895482
3 659 8852.134237625696
3 660 8854.556359326849
3 661 8856.978485483487
4 1 7261.117742511937
4 2 7265.1675228944405
4 3 7269.217402906883
4 4 7273.267349460851
4 5 7277.317119413315
4 6 7281.367312185731
4 7 7285.417014692052
4 8 7289.466629918957
4 9 7293.516727003644
4 10 7297.566388625781
4 11 7301.616101797685
4 12 7305.666459339455
4 13 7309.716390512267
4 14 7313.765991825868
4 15 7317.816534250985
4 16 7321.866112056524
4 17 7325.915551294461
4 18 7329.966087778276
4 19 7334.015653118347
4 20 7338.065330181303
4 21 7342.11606770085
4 22 7346.16579991403
4 23 7350.215271982243
4 24 7354.266047720062
4 25 7358.3153897533075
4 26 7362.364757494555
4 27 7366.415628434675
4 28 7370.464994151093
4 29 7374.514685588801
4 30 7378.565620625892
4 31 7382.615042849686
4 32 7386.664461917446
4 33 7390.715297733613
4 34 7394.764395259586
4 35 7398.813804023088
4 36 7402.864814994163
4 37 7406.9139680739045
4 38 7410.963715224197
4 39 7415.014611336669
4 40 7419.063729274109
4 41 7423.113173266705
4 42 7427.163880286825
4 43 7431.2128289538105
4 44 7435.2623561968385
4 45 7439.31327996307
4 46 7443.362290239616
4 47 7447.4121003904565
4 48 7451.462734997322
4 49 7455.511653307993
4 50 7459.561174645485
4 51 7463.611596277808
4 52 7467.660547774961
4 53 7471.710213087006
4 54 7475.760850718892
4 55 7479.809835072446
4 56 7483.859667561859
4 57 7487.909895796015
4 58 7491.958775788299
4 59 7496.008373250629
4 60 7500.058441885872
4 61 7504.107552217237
4 62 7508.157281196477
4 63 7512.207551319586
4 64 7516.256642902499
4 65 7520.306376877142
4 66 7524.356210181021
4 67 7528.405240133095
4 68 7532.454825812113
4 69 7536.504604952301
4 70 7540.554014800092
4 71 7544.603660129855
4 72 7548.653606212938
4 73 7552.7029351966585
4 74 7556.752443282354
4 75 7560.802004431177
4 76 7564.851352135458
4 77 7568.900838495232
4 78 7572.950451412755
4 79 7577.00024565315
4 80 7581.049697712335
4 81 7585.099422631457
4 82 7589.1490684046275
4 83 7593.1983123933705
4 84 7597.247775389713
4 85 7601.297521612284
4 86 7605.346895672555
4 87 7609.396475740436
4 88 7613.44664020836
4 89 7617.495903256613
4 90 7621.545525093058
4 91 7625.595475467575
4 92 7629.644560694731
4 93 7633.694087242706
4 94 7637.7441875694
4 95 7641.793549782585
4 96 7645.843195593559
4 97 7649.893600945879
4 98 7653.94280560848
4 99 7657.9924277972395
4 100 7662.042575906229
4 101 7666.091710195502
4 102 7670.141414966256
4 103 7674.191715372273
4 104 7678.241226591286
4 105 7682.290992085388
4 106 7686.341435155124
4 107 7690.390767790893
4 108 7694.4404682876375
4 109 7698.490663965434
4 110 7702.540061938946
4 111 7706.589995466886
4 112 7710.6402936553
4 113 7714.690098487859
4 114 7718.739989964677
4 115 7722.790262881247
4 116 7726.839890068529
4 117 7730.889703169134
4 118 7734.939809813914
4 119 7738.989619292308
4 120 7743.03973688811
4 121 7747.089869054555
4 122 7751.140041963912
4 123 7755.189972765411
4 124 7759.23996712388
4 125 7763.289993051056
4 126 7767.339841796307
4 127 7771.389816658404
4 128 7775.440093422223
4 129 7779.490227125093
4 130 7783.540135570078
4 131 7787.590676890318
4 132 7791.640486501968
4 133 7795.690208778239
4 134 7799.740673650151
4 135 7803.790419807018
4 136 7807.840278618223
4 137 7811.890987612877
4 138 7815.94094293911
4 139 7819.990638062404
4 140 7824.041473320098
4 141 7828.091022023076
4 142 7832.140551812775
4 143 7836.191404943988
4 144 7840.2409257237505
4 145 7844.290716239024
4 146 7848.341720643322
4 147 7852.39134842997
4 148 7856.440892586803
4 149 7860.491870611111
4 150 7864.541097927272
4 151 7868.590552020662
4 152 7872.641635805568
4 153 7876.690881038484
4 154 7880.740657875664
4 155 7884.791729360961
4 156 7888.840986282501
4 157 7892.8904618658835
4 158 7896.941374605262
4 159 7900.990339126031
4 160 7905.039821220921
4 161 7909.090900395203
4 162 7913.139916144357
4 163 7917.189710482996
4 164 7921.240590138926
4 165 7925.289544291112
4 166 7929.339019176185
4 167 7933.389665301682
4 168 7937.438509945204
4 169 7941.4880747993275
4 170 7945.538909590351
4 171 7949.587807206773
4 172 7953.637605606075
4 173 7957.688078764869
4 174 7961.73687518091
4 175 7965.78637725428
4 176 7969.836620095067
4 177 7973.8855142615375
4 178 7977.935139743264
4 179 7981.98557111309
4 180 7986.034483920323
4 181 7990.084201183182
4 182 7994.134190067232
4 183 7998.18300778587
4 184 8002.232484280769
4 185 8006.282327996275
4 186 8010.331429913122
4 187 8014.38099325563
4 188 8018.431014691859
4 189 8022.480080405671
4 190 8026.529576401814
4 191 8030.579159410968
4 192 8034.628184889319
4 193 8038.677544615285
4 194 8042.727097828121
4 195 8046.776530357286
4 196 8050.825902252102
4 197 8054.875597693855
4 198 8058.9249262435505
4 199 8062.974114709826
4 200 8067.023451863647
4 201 8071.072819236222
4 202 8075.1220160870735
4 203 8079.171427430107
4 204 8083.221233375686
4 205 8087.270360812015
4 206 8091.3198590969605
4 207 8095.369486700267
4 208 8099.418402056047
4 209 8103.467682833883
4 210 8107.517417347694
4 211 8111.566507933947
4 212 8115.6159116755325
4 213 8119.666021901736
4 214 8123.714985910551
4 215 8127.764407171574
4 216 8131.814270781346
4 217 8135.8630901598835
4 218 8139.912467856641
4 219 8143.962469351854
4 220 8148.011608947885
4 221 8152.061091332362
4 222 8156.1113321560715
4 223 8160.160311996336
4 224 8164.209750480058
4 225 8168.259712678851
4 226 8172.308673073029
4 227 8176.358240143592
4 228 8180.408326870848
4 229 8184.457689729487
4 230 8188.507284351582
4 231 8192.557441595327
4 232 8196.606629829921
4 233 8200.656146051495
4 234 8204.70605721746
4 235 8208.755358742883
4 236 8212.805131949643
4 237 8216.855111877649
4 238 8220.904818998053
4 239 8224.954493754034
4 240 8229.00439761042
4 241 8233.053934519832
4 242 8237.103513474874
4 243 8241.153288680409
4 244 8245.203038494428
4 245 8249.25291187289
4 246 8253.302682935626
4 247 8257.352768626346
4 248 8261.402392280983
4 249 8265.452000410254
4 250 8269.501955024904
4 251 8273.551488447016
4 252 8277.601128197937
4 253 8281.65133774216
4 254 8285.701129407684
4 255 8289.750669942654
4 256 8293.801093843973
4 257 8297.850516998631
4 258 8301.899870374322
4 259 8305.950240211616
4 260 8309.999604940313
4 261 8314.04914268201
4 262 8318.09972681753
4 263 8322.14926639942
4 264 8326.198609173158
4 265 8330.249255723407
4 266 8334.298376440856
4 267 8338.347574566977
4 268 8342.398262674964
4 269 8346.447370887983
4 270 8350.496859219471
4 271 8354.5476377573
4 272 8358.596819660745
4 273 8362.646036335615
4 274 8366.696724468842
4 275 8370.745535253685
4 276 8374.794694659826
4 277 8378.845506636162
4 278 8382.894352208854
4 279 8386.943836909019
4 280 8390.994560301098
4 281 8395.043388369748
4 282 8399.092557517346
4 283 8403.14307781404
4 284 8407.191677352852
4 285 8411.24088611958
4 286 8415.29158148823
4 287 8419.340237645962
4 288 8423.389732664264
4 289 8427.440155879855
4 290 8431.488729344923
4 291 8435.5379071518
4 292 8439.588084496918
4 293 8443.636630239593
4 294 8447.685918684498
4 295 8451.73628392513
4 296 8455.784869544295
4 297 8459.834337924525
4 298 8463.884295727441
4 299 8467.932771960752
4 300 8471.981963664908
4 301 8476.03171892208
4 302 8480.080371822834
4 303 8484.129680495082
4 304 8488.179620947123
4 305 8492.228263871652
4 306 8496.277595125199
4 307 8500.327084725268
4 308 8504.375644130281
4 309 8508.424780333275
4 310 8512.474174599245
4 311 8516.523074619454
4 312 8520.572272481557
4 313 8524.621827985267
4 314 8528.67065261029
4 315 8532.719726845635
4 316 8536.76886859398
4 317 8540.817681167457
4 318 8544.86669065626
4 319 8548.91585195528
4 320 8552.96509021101
4 321 8557.014076029489
4 322 8561.063348594142
4 323 8565.112440123263
4 324 8569.161218444591
4 325 8573.21018934981
4 326 8577.259353861513
4 327 8581.308225025543
4 328 8585.357295808586
4 329 8589.40687626603
4 330 8593.455642194265
4 331 8597.504755681854
4 332 8601.55412197182
4 333 8605.602693412371
4 334 8609.651668254259
4 335 8613.70116991226
4 336 8617.749989983085
4 337 8621.799078036023
4 338 8625.848897450072
4 339 8629.897556453825
4 340 8633.946618161608
4 341 8637.99617696706
4 342 8642.044737919772
4 343 8646.093844719651
4 344 8650.143554582637
4 345 8654.19247313226
4 346 8658.241641870252
4 347 8662.291512359649
4 348 8666.340239346144
4 349 8670.389335239359
4 350 8674.438950695085
4 351 8678.487712923277
4 352 8682.53701574523
4 353 8686.586744061527
4 354 8690.6359004559
4 355 8694.685165476558
4 356 8698.734883030293
4 357 8702.783842502296
4 358 8706.833023810255
4 359 8710.882560050584
4 360 8714.931676167354
4 361 8718.981158938524
4 362 8723.03072701724
4 363 8727.080196842928
4 364 8731.129506217303
4 365 8735.178936201773
4 366 8739.228234552387
4 367 8743.277466683014
4 368 8747.326859072453
4 369 8751.376386331416
4 370 8755.425916490383
4 371 8759.475243719602
4 372 8763.525023098664
4 373 8767.574244008334
4 374 8771.623374746128
4 375 8775.67305352308
4 376 8779.72222259241
4 377 8783.771472147102
4 378 8787.821380961357
4 379 8791.870776911383
4 380 8795.919853220188
4 381 8799.96987813602
4 382 8804.018880307489
4 383 8808.067772344026
4 384 8812.117802241071
4 385 8816.16679052583
4 386 8820.215925122622
4 387 8824.26610229754
4 388 8828.315207754275
4 389 8832.36407771204
4 390 8836.414228373926
4 391 8840.462936899108
4 392 8844.51169709837
4 393 8848.561961709525
4 394 8852.610691408925
4 395 8856.65975690882
5 1 7263.927397278437
5 2 7270.025812051748
5 3 7276.123879827642
5 4 7282.222546316227
5 5 7288.321541211253
5 6 7294.418876375042
5 7 7300.517766535839
5 8 7306.616037309869
5 9 7312.713989401817
5 10 7318.811868553724
5 11 7324.910883282151
5 12 7331.008127505297
5 13 7337.106463921419
5 14 7343.204788098765
5 15 7349.302760331575
5 16 7355.400310540585
5 17 7361.499373874972
5 18 7367.59686439631
5 19 7373.694942624464
5 20 7379.793529657872
5 21 7385.891702433769
5 22 7391.9893824742385
5 23 7398.088519041748
5 24 7404.186637569681
5 25 7410.284714666611
5 26 7416.3837057396795
5 27 7422.4823654355105
5 28 7428.580464233194
5 29 7434.67970548553
5 30 7440.778808083418
5 31 7446.877039684236
5 32 7452.976484715554
5 33 7459.075911747937
5 34 7465.17454550771
5 35 7471.273894519876
5 36 7477.374184442402
5 37 7483.472642558813
5 38 7489.5724779266475
5 39 7495.672823658801
5 40 7501.7719552322915
5 41 7507.871387104302
5 42 7513.972808313754
5 43 7520.071524698308
5 44 7526.171565416894
5 45 7532.272812603447
5 46 7538.3722800789865
5 47 7544.47175932293
5 48 7550.574000007513
5 49 7556.672978666725
5 50 7562.772977985451
5 51 7568.874919409019
5 52 7574.974519112754
5 53 7581.073970796116
5 54 7587.176571592431
5 55 7593.275752400175
5 56 7599.375493367876
5 57 7605.47773861599
5 58 7611.5773035973525
5 59 7617.676599741662
5 60 7623.779076081474
5 61 7629.8783331394225
5 62 7635.977685443117
5 63 7642.079742153467
5 64 7648.179179506335
5 65 7654.278168536963
5 66 7660.380106426562
5 67 7666.479287510059
5 68 7672.578216728513
5 69 7678.679614573924
5 70 7684.778909731695
5 71 7690.877467684058
5 72 7696.978603135684
5 73 7703.0775830662615
5 74 7709.17615193093
5 75 7715.276568222105
5 76 7721.37577446065
5 77 7727.473868182803
5 78 7733.574114664344
5 79 7739.67286304218
5 80 7745.771186779036
5 81 7751.870548655794
5 82 7757.969743876104
5 83 7764.067466635725
5 84 7770.166908684065
5 85 7776.265499986488
5 86 7782.3637226189
5 87 7788.462206729815
5 88 7794.561471479729
5 89 7800.659023137328
5 90 7806.757876556731
5 91 7812.856466071421
5 92 7818.954723588248
5 93 7825.052702920513
5 94 7831.152081357687
5 95 7837.2497453815095
5 96 7843.348282621273
5 97 7849.447070377249
5 98 7855.545497141874
5 99 7861.643433090574
5 100 7867.7429371713115
5 101 7873.84106401438
5 102 7879.939543097781
5 103 7886.038711465079
5 104 7892.137512961532
5 105 7898.235778069428
5 106 7904.335424217757
5 107 7910.434377227993
5 108 7916.532984097799
5 109 7922.632627651887
5 110 7928.732075443523
5 111 7934.830860106313
5 112 7940.930654184191
5 113 7947.030716080823
5 114 7953.129540829015
5 115 7959.229655213045
5 116 7965.329952086793
5 117 7971.429290737948
5 118 7977.529200961516
5 119 7983.630453412739
5 120 7989.729520555075
5 121 7995.829974841337
5 122 8001.931177905111
5 123 8008.030956674873
5 124 8014.130928562996
5 125 8020.233188602584
5 126 8026.332495052712
5 127 8032.43304475358
5 128 8038.535049841193
5 129 8044.635052094473
5 130 8050.735015431557
5 131 8056.83788672803
5 132 8062.937392001631
5 133 8069.037765536133
5 134 8075.140286447866
5 135 8081.240287622519
5 136 8087.340126893949
5 137 8093.443116904378
5 138 8099.542716629661
5 139 8105.642698570659
5 140 8111.74529406201
5 141 8117.845131898009
5 142 8123.944685142445
5 143 8130.047323298732
5 144 8136.146857078603
5 145 8142.246338962556
5 146 8148.348500738478
5 147 8154.448103413347
5 148 8160.547204018966
5 149 8166.649121789098
5 150 8172.748426314688
5 151 8178.847408435055
5 152 8184.948690614491
5 153 8191.048075204261
5 154 8197.146613666933
5 155 8203.247605460401
5 156 8209.346581114296
5 157 8215.44515085269
5 158 8221.545303879557
5 159 8227.644538938688
5 160 8233.742533366792
5 161 8239.842560833345
5 162 8245.941228836306
5 163 8252.039515772463
5 164 8258.13855509398
5 165 8264.237728797034
5 166 8270.33532627429
5 167 8276.434516414738
5 168 8282.53300118684
5 169 8288.631151676205
5 170 8294.729336962573
5 171 8300.828523430162
5 172 8306.925971599594
5 173 8313.02456375982
5 174 8319.123058024361
5 175 8325.221205538483
5 176 8331.318968814126
5 177 8337.418204205169
5 178 8343.515823528101
5 179 8349.614104637989
5 180 8355.712821347879
5 181 8361.81112387876
5 182 8367.908932629847
5 183 8374.0082358741
5 184 8380.106397128691
5 185 8386.204629148415
5 186 8392.303723593377
5 187 8398.402441375893
5 188 8404.500615072406
5 189 8410.600013165556
5 190 8416.69907674869
5 191 8422.797428953889
5 192 8428.896959820284
5 193 8434.99637870878
5 194 8441.095055600861
5 195 8447.19454780877
5 196 8453.294750639214
5 197 8459.393298338025
5 198 8465.493214088485
5 199 8471.593508515263
5 200 8477.692669691227
5 201 8483.792219709829
5 202 8489.893552157426
5 203 8495.992318445715
5 204 8502.092439672268
5 205 8508.193615135748
5 206 8514.29310408834
5 207 8520.392661510848
5 208 8526.494841061382
5 209 8532.593823677247
5 210 8538.69388943731
5 211 8544.79576363516
5 212 8550.895361856867
5 213 8556.99484929378
5 214 8563.097416469087
5 215 8569.196560713792
5 216 8575.296329393152
5 217 8581.398528362557
5 218 8587.498047749139
5 219 8593.597339868014
5 220 8599.699788770651
5 221 8605.79897473571
5 222 8611.898297120924
5 223 8618.000322102556
5 224 8624.099661766804
5 225 8630.198605020796
5 226 8636.300499794661
5 227 8642.399576165379
5 228 8648.498414884103
5 229 8654.599771855095
5 230 8660.698919599776
5 231 8666.797387410961
5 232 8672.898440960773
5 233 8678.997282108823
5 234 8685.095706140546
5 235 8691.196042999492
5 236 8697.295065415086
5 237 8703.393020813564
5 238 8709.493139397922
5 239 8715.591715384759
5 240 8721.689858094003
5 241 8727.789088766525
5 242 8733.888081476516
5 243 8739.985631066851
5 244 8746.084903406088
5 245 8752.183306999315
5 246 8758.281330564829
5 247 8764.379648408933
5 248 8770.478711045876
5 249 8776.576081126223
5 250 8782.674748257066
5 251 8788.773159428221
5 252 8794.871228247433
5 253 8800.969039041265
5 254 8807.068241414188
5 255 8813.165742176378
5 256 8819.264116302245
5 257 8825.362753456375
5 258 8831.461033225869
5 259 8837.55883131106
5 260 8843.658204250884
5 261 8849.756214941583
5 262 8855.854582185271
6 1 7266.27734330974
6 2 7275.484629205394
6 3 7284.690196118282
6 4 7293.9038695835525
6 5 7303.108192864406
6 6 7312.315822663964
6 7 7321.5217623685885
6 8 7330.738650031262
6 9 7339.943607221431
6 10 7349.151520798527
6 11 7358.35747991087
6 12 7367.576669483033
6 13 7376.781937421471
6 14 7385.989978162092
6 15 7395.195588091198
6 16 7404.415614544651
6 17 7413.6209376869265
6 18 7422.8288105202955
6 19 7432.033950934698
6 20 7441.25308930426
6 21 7450.458333154446
6 22 7459.66560677243
6 23 7468.870175690136
6 24 7478.086820444382
6 25 7487.29194364612
6 26 7496.498308518968
6 27 7505.702320385292
6 28 7514.915421608983
6 29 7524.120530207596
6 30 7533.325931993749
6 31 7542.52948490788
6 32 7551.738649527299
6 33 7560.943764386899
6 34 7570.148291422579
6 35 7579.3515596719935
6 36 7588.557162946314
6 37 7597.762313659698
6 38 7606.9662291620925
6 39 7616.169577010726
6 40 7625.372722243612
6 41 7634.577971952812
6 42 7643.781580862251
6 43 7652.985464332056
6 44 7662.1874655794845
6 45 7671.392865200338
6 46 7680.596438298002
6 47 7689.801651402859
6 48 7699.003529216417
6 49 7708.209217077284
6 50 7717.41307016286
6 51 7726.620668292038
6 52 7735.822960586734
6 53 7745.028983371984
6 54 7754.233263034018
6 55 7763.444019407799
6 56 7772.646877131661
6 57 7781.853182844865
6 58 7791.057816870129
6 59 7800.271970182513
6 60 7809.475439943188
6 61 7818.682014449445
6 62 7827.886796762968
6 63 7837.103836901474
6 64 7846.307775407424
6 65 7855.514544556317
6 66 7864.719108602506
6 67 7873.937760597536
6 68 7883.1418799637795
6 69 7892.348666364112
6 70 7901.552812932837
6 71 7910.771386258236
6 72 7919.97556188913
6 73 7929.182047934011
6 74 7938.385744469197
6 75 7947.602493055015
6 76 7956.806644992685
6 77 7966.012465099896
6 78 7975.215675467415
6 79 7984.42924965822
6 80 7993.6334413586255
6 81 8002.8384300842845
6 82 8012.041270178243
6 83 8021.2510314909405
6 84 8030.4553845452865
6 85 8039.659574989427
6 86 8048.862201366627
6 87 8058.068248343088
6 88 8067.272785236414
6 89 8076.47633856509
6 90 8085.679052757391
6 91 8094.882277107854
6 92 8104.087072955835
6 93 8113.290299421106
6 94 8122.493597405113
6 95 8131.695376189688
6 96 8140.9004940575205
6 97 8150.103695862126
6 98 8159.308283020185
6 99 8168.5098130518945
6 100 8177.715335929673
6 101 8186.91882162143
6 102 8196.12572468572
6 103 8205.327744180871
6 104 8214.533810756968
6 105 8223.737891110599
6 106 8232.948003288499
6 107 8242.150847299428
6 108 8251.35745272264
6 109 8260.56220271736
6 110 8269.775887933609
6 111 8278.979627179036
6 112 8288.18672993603
6 113 8297.392038448706
6 114 8306.609039096862
6 115 8315.813654986718
6 116 8325.021229056605
6 117 8334.226815609694
6 118 8343.44612435631
6 119 8352.651345106455
6 120 8361.859266964118
6 121 8371.064750179863
6 122 8380.284809724162
6 123 8389.490335645314
6 124 8398.69835165558
6 125 8407.903592628842
6 126 8417.122677624506
6 127 8426.328368556698
6 128 8435.536071435445
6 129 8444.74099443871
6 130 8453.957556672092
6 131 8463.163323705709
6 132 8472.37034725714
6 133 8481.574934146822
6 134 8490.788022989556
6 135 8499.993946940174
6 136 8509.200184417929
6 137 8518.40454495788
6 138 8527.613920544793
6 139 8536.820041809586
6 140 8546.025549068647
6 141 8555.229835404372
6 142 8564.435955391484
6 143 8573.642266550534
6 144 8582.847265503045
6 145 8592.051829871449
6 146 8601.255826288121
6 147 8610.462379540757
6 148 8619.667189977708
6 149 8628.87254222776
6 150 8638.075704237412
6 151 8647.282524868235
6 152 8656.487414437059
6 153 8665.694326554602
6 154 8674.897570063758
6 155 8684.1047592486
6 156 8693.310028254851
6 157 8702.519461131784
6 158 8711.723278519774
6 159 8720.93089900507
6 160 8730.136714802247
6 161 8739.349329525638
6 162 8748.553831988916
6 163 8757.761806001827
6 164 8766.968067464037
6 165 8776.184003660848
6 166 8785.389165059703
6 167 8794.597443065144
6 168 8803.803909601525
6 169 8813.022661126206
6 170 8822.228306298413
6 171 8831.436791365219
6 172 8840.643053924534
6 173 8849.863378270209
7 1 7270.070743073598
7 2 7282.424656794224
7 3 7294.772641944901
7 4 7307.127965356733
7 5 7319.481710097601
7 6 7331.826723654399
7 7 7344.181686532372
7 8 7356.535522009857
7 9 7368.87843230211
7 10 7381.233032026103
7 11 7393.5870290374605
7 12 7405.928942900512
7 13 7418.283235201269
7 14 7430.637634628931
7 15 7442.980064423963
7 16 7455.3342289628135
7 17 7467.689076295538
7 18 7480.0333602492765
7 19 7492.387643892156
7 20 7504.74304650748
7 21 7517.090192449637
7 22 7529.444639402181
7 23 7541.800450920383
7 24 7554.150847315994
7 25 7566.505599222614
7 26 7578.8618917918975
7 27 7591.215367002287
7 28 7603.570363408593
7 29 7615.926950298489
7 30 7628.2826513123855
7 31 7640.63784579167
7 32 7652.994442882045
7 33 7665.351156558324
7 34 7677.706328108488
7 35 7690.06205175624
7 36 7702.419055943319
7 37 7714.77424972128
7 38 7727.127995908786
7 39 7739.484934624396
7 40 7751.839988443094
7 41 7764.190812167409
7 42 7776.547531492017
7 43 7788.902495023835
7 44 7801.250134505359
7 45 7813.606454138573
7 46 7825.961377837185
7 47 7838.306356943566
7 48 7850.66234517052
7 49 7863.017455161396
7 50 7875.360804189911
7 51 7887.716338367965
7 52 7900.071685721666
7 53 7912.4148536497405
7 54 7924.770128078991
7 55 7937.125875047687
7 56 7949.470339715163
7 57 7961.825477877585
7 58 7974.181653397253
7 59 7986.528692518112
7 60 7998.883919316655
7 61 8011.240473160842
7 62 8023.590622987832
7 63 8035.945923409177
7 64 8048.302799078263
7 65 8060.656122275771
7 66 8073.011632245574
7 67 8085.368747033043
7 68 8097.724456126065
7 69 8110.080060358044
7 70 8122.437182836257
7 71 8134.794155955014
7 72 8147.149741901777
7 73 8159.506091025129
7 74 8171.863255480263
7 75 8184.218714244567
7 76 8196.573233174511
7 77 8208.930316193091
7 78 8221.285597495826
7 79 8233.637222800895
7 80 8245.993925608596
7 81 8258.34895301829
7 82 8270.697311939814
7 83 8283.05353580205
7 84 8295.408308427217
7 85 8307.753620848933
7 86 8320.1092847534
7 87 8332.46400550338
7 88 8344.80729073544
7 89 8357.162421660621
7 90 8369.517157198656
7 91 8381.859596922804
7 92 8394.214203976908
7 93 8406.569141606895
7 94 8418.912274254471
7 95 8431.266577779643
7 96 8443.621763418465
7 97 8455.966836041322
7 98 8468.321067864497
7 99 8480.676608918046
7 100 8493.02452594136
7 101 8505.378790552015
7 102 8517.734552979722
7 103 8530.085506175086
7 104 8542.43993771951
7 105 8554.79601128172
7 106 8567.14973052452
7 107 8579.504328433008
7 108 8591.860532224739
7 109 8604.216078934058
7 110 8616.570802382286
7 111 8628.926837761954
7 112 8641.283113534328
7 113 8653.637766254973
7 114 8665.99268556448
7 115 8678.349086598844
7 116 8690.703709602085
7 117 8703.056542258893
7 118 8715.412817979754
7 119 8727.767252309253
7 120 8740.117147648476
7 121 8752.473132016316
7 122 8764.827422487238
7 123 8777.174223089576
7 124 8789.529771534499
7 125 8801.883944982392
7 126 8814.228129497678
7 127 8826.58330617762
7 128 8838.937619733642
7 129 8851.280198465689
8 1 7268.378630928423
8 2 7287.147810952068
8 3 7305.9203049831385
8 4 7324.69173795722
8 5 7343.464801902445
8 6 7362.237820066972
8 7 7381.011271305182
8 8 7399.784532521528
8 9 7418.557919586123
8 10 7437.3306559625635
8 11 7456.10271298728
8 12 7474.8744486492
8 13 7493.644208494277
8 14 7512.415097320861
8 15 7531.182022083659
8 16 7549.952072562707
8 17 7568.7164209214825
8 18 7587.48615573058
8 19 7606.2486368158125
8 20 7625.018202559641
8 21 7643.780146980863
8 22 7662.549933778425
8 23 7681.312502718658
8 24 7700.082489319563
8 25 7718.846770523569
8 26 7737.617259918656
8 27 7756.383810050038
8 28 7775.154627001822
8 29 7793.923676522692
8 30 7812.694942556108
8 31 7831.465863819082
8 32 7850.2374098066575
8 33 7869.00918229762
8 34 7887.78099346084
8 35 7906.5523722470125
8 36 7925.323433351774
8 37 7944.093940453985
8 38 7962.863268015252
8 39 7981.632776833527
8 40 8000.399439457959
8 41 8019.168211093196
8 42 8037.932212239215
8 43 8056.700529222534
8 44 8075.462186038023
8 45 8094.230478702914
8 46 8112.991063076754
8 47 8131.759431646601
8 48 8150.5201514731
8 49 8169.288763212317
8 50 8188.05094339553
8 51 8206.819866805345
8 52 8225.584133168957
8 53 8244.353607922967
8 54 8263.120451016637
8 55 8281.890409981972
8 56 8300.6594400816
8 57 8319.429979798915
8 58 8338.200530380607
8 59 8356.971454164
8 60 8375.742227734221
8 61 8394.513087599935
8 62 8413.283376165427
8 63 8432.052927058738
8 64 8450.822300963939
8 65 8469.589653223897
8 66 8488.358267134812
8 67 8507.122915958415
8 68 8525.890793073424
8 69 8544.653025355958
8 70 8563.420689821158
8 71 8582.181166890668
8 72 8600.948778336784
8 73 8619.708810004691
8 74 8638.476721328472
8 75 8657.237419689984
8 76 8676.005589187738
8 77 8694.768056794168
8 78 8713.536740276146
8 79 8732.301493809231
8 80 8751.070516039308
8 81 8769.837793701843
8 82 8788.607259663808
8 83 8807.37638834483
8 84 8826.14615374055
8 85 8844.916133360559
