3.2412532846875104e-5
1.5108271104554396
7257.550356034742
0.008232382085061165
0.0502529234095171
3.974372209792393e-5
2.421879288063484
7258.5869672123
0.011418379334963097
0.04428734701610771
1.3985224226167763e-5
4.049001334036646
7257.076597709193
0.0015570904373224891
0.031604392945232325
2.9928413066121183e-5
6.101006589052625
7257.827055146902
0.010295749729221818
0.018875570451504974
3.3082018086564506e-5
9.207660928279504
7257.069058753877
-0.007389937865500585
0.020864144240641157
3.8867124744615597e-5
12.352024981030805
7257.719601125801
0.0072215372444461995
0.020069518825683193
9.495341144090161e-6
18.772360448854343
7249.619199383257
-0.0009351570882589559
0.011938765947028352
12.0
1.0000000000000027
