3.093044785987141e-5
1.5108177819259934
7257.550433040127
-0.004509040417661916
0.050460009068017335
3.8753066522215484e-5
2.4219007896541966
7258.586915650022
0.001742621567766452
0.04357597030443028
1.3821767132578846e-5
4.048944063874888
7257.078725064238
-0.006635888126000086
0.031456881390280016
3.110083098475628e-5
6.100900562092035
7257.82686706426
0.003690573926010229
0.018655238492800055
3.283198158839006e-5
9.207826992201696
7257.0688592488095
-0.013134729942205398
0.01934897257441615
3.823071507805801e-5
12.35189444590059
7257.71836446668
0.0021330596407761887
0.019489945982196968
8.751063543846307e-6
18.772306874816802
7249.626683000821
-0.004885805392280882
0.013362807520593788
1.2382216699336661
0.7101412893646025
