4.598798334564931e-5
1.5108213439598195
7257.550484408347
-0.004950315499937554
0.0046710108410378415
4.405873658289557e-5
2.4219505851371745
7258.587230332843
-0.0011890055291933809
0.0014048767978375506
1.3051428124330854e-5
4.04919337167525
7257.068062662955
-0.006470843885042
0.0035292947014720424
2.3550992264864607e-5
6.101020575271002
7257.827698654477
0.003217551212334182
-0.003935975541217353
3.492528030913319e-5
9.207561404796202
7257.073658407286
-0.00958196331816198
-0.0001651359378263997
4.4174980030391984e-5
12.352405682485365
7257.7151027445725
0.0028862525348426617
0.0016433215866476997
1.0931074484601105e-5
18.77297702598056
7249.605686891436
-0.004439892864919363
0.00027022893254419184
1.2119904249279885
0.8222968208098027
