1 0 0.5 58762.0 185952.0 4522.0 2173.0 27967.0
1 1 1.5 58359.0 186467.0 4687.0 2345.0 28465.0
1 2 2.5 58701.0 186580.0 4585.0 2336.0 28202.0
1 3 3.5 59354.0 186963.0 4604.0 2330.0 28185.0
1 4 4.5 58233.0 188098.0 4648.0 2324.0 28189.0
1 5 5.5 59077.0 188430.0 4625.0 2345.0 28609.0
1 6 6.5 59110.0 190144.0 4697.0 2383.0 28693.0
1 7 7.5 58922.0 190840.0 4694.0 2498.0 29359.0
1 8 8.5 59012.0 193278.0 4639.0 2452.0 29932.0
1 9 9.5 59537.0 195149.0 4639.0 2542.0 29748.0
1 10 10.5 59584.0 195910.0 4648.0 2594.0 30646.0
1 11 11.5 59731.0 198097.0 4724.0 2590.0 31077.0
1 12 12.5 60198.0 201584.0 4767.0 2739.0 31917.0
1 13 13.5 59640.0 204160.0 4749.0 2914.0 32524.0
1 14 14.5 60058.0 208806.0 4916.0 2962.0 33227.0
1 15 15.5 59601.0 213917.0 4918.0 3096.0 33850.0
1 16 16.5 60499.0 219563.0 4902.0 3191.0 35364.0
1 17 17.5 60482.0 227517.0 4834.0 3297.0 36086.0
1 18 18.5 60508.0 234559.0 4982.0 3437.0 36891.0
1 19 19.5 61024.0 243432.0 5064.0 3587.0 38163.0
1 20 20.5 60835.0 253005.0 5161.0 3653.0 39289.0
1 21 21.5 61387.0 263000.0 5142.0 3897.0 40557.0
1 22 22.5 61339.0 272972.0 5164.0 4127.0 41735.0
1 23 23.5 62152.0 282127.0 5272.0 4500.0 43344.0
1 24 24.5 62140.0 291584.0 5377.0 4573.0 44271.0
1 25 25.5 62378.0 300956.0 5416.0 4940.0 46091.0
1 26 26.5 62981.0 308332.0 5365.0 5093.0 47300.0
1 27 27.5 63233.0 316350.0 5519.0 5293.0 48535.0
1 28 28.5 63057.0 322384.0 5553.0 5835.0 50206.0
1 29 29.5 63464.0 329894.0 5629.0 6099.0 51420.0
1 30 30.5 64144.0 332902.0 5745.0 6549.0 53031.0
1 31 31.5 64262.0 339406.0 5741.0 7145.0 54711.0
1 32 32.5 65062.0 344879.0 5876.0 7607.0 55813.0
1 33 33.5 64900.0 349522.0 6140.0 8299.0 57362.0
1 34 34.5 65549.0 351610.0 6234.0 8645.0 58720.0
1 35 35.5 65877.0 356433.0 6200.0 9390.0 59886.0
1 36 36.5 66536.0 360057.0 6332.0 10199.0 61382.0
1 37 37.5 66314.0 361834.0 6399.0 10836.0 62114.0
1 38 38.5 67218.0 364118.0 6498.0 11908.0 63169.0
1 39 39.5 67098.0 365778.0 6662.0 13024.0 64303.0
1 40 40.5 68011.0 369145.0 6894.0 14208.0 65127.0
1 41 41.5 68781.0 370485.0 6858.0 15284.0 66115.0
1 42 42.5 69350.0 370370.0 6963.0 16697.0 66531.0
1 43 43.5 69781.0 373844.0 7114.0 17853.0 66976.0
1 44 44.5 70398.0 372529.0 7319.0 19713.0 66842.0
1 45 45.5 71046.0 375088.0 7588.0 21445.0 67243.0
1 46 46.5 71471.0 379978.0 7688.0 23338.0 67232.0
1 47 47.5 72193.0 386247.0 7690.0 25322.0 66053.0
1 48 48.5 73079.0 381275.0 7864.0 27333.0 66033.0
1 49 49.5 73531.0 382961.0 8215.0 29936.0 65419.0
1 50 50.5 74555.0 384525.0 8313.0 32838.0 64233.0
1 51 51.5 74557.0 386077.0 8544.0 35211.0 63034.0
1 52 52.5 75071.0 386425.0 8792.0 38185.0 62484.0
1 53 53.5 76187.0 384882.0 8893.0 41111.0 61144.0
1 54 54.5 76603.0 383303.0 9096.0 44852.0 59388.0
1 55 55.5 77504.0 381004.0 9241.0 48169.0 57969.0
1 56 56.5 78703.0 378413.0 9748.0 51892.0 55965.0
1 57 57.5 79665.0 374121.0 9600.0 55721.0 54859.0
1 58 58.5 79870.0 370763.0 10070.0 59707.0 52664.0
1 59 59.5 80598.0 364869.0 10172.0 63726.0 51119.0
1 60 60.5 81576.0 359402.0 10469.0 67709.0 48759.0
1 61 61.5 82399.0 351645.0 10644.0 72690.0 47125.0
1 62 62.5 83753.0 342155.0 11050.0 76894.0 45002.0
1 63 63.5 83965.0 335636.0 11264.0 80994.0 43522.0
1 64 64.5 85482.0 326244.0 11593.0 86480.0 40747.0
1 65 65.5 86088.0 315353.0 11760.0 90281.0 38833.0
1 66 66.5 87197.0 303950.0 12201.0 93808.0 36596.0
1 67 67.5 88845.0 290521.0 12519.0 98901.0 35447.0
1 68 68.5 89112.0 276699.0 12790.0 102630.0 33550.0
1 69 69.5 90175.0 262681.0 13104.0 106627.0 31453.0
1 70 70.5 91817.0 250796.0 13138.0 110146.0 30312.0
1 71 71.5 93052.0 238946.0 13903.0 113861.0 28273.0
1 72 72.5 93531.0 227781.0 14238.0 116430.0 26627.0
1 73 73.5 94683.0 218797.0 14800.0 119120.0 25156.0
1 74 74.5 95769.0 210700.0 14643.0 121621.0 23858.0
1 75 75.5 97800.0 204758.0 15167.0 123939.0 22643.0
1 76 76.5 98713.0 198765.0 15562.0 125558.0 21150.0
1 77 77.5 99687.0 194723.0 16038.0 126064.0 19977.0
1 78 78.5 101503.0 189207.0 16384.0 125810.0 18842.0
1 79 79.5 102300.0 185669.0 17198.0 126897.0 17571.0
1 80 80.5 103904.0 181408.0 17276.0 125958.0 16693.0
1 81 81.5 105409.0 177291.0 17946.0 124888.0 16033.0
1 82 82.5 106471.0 173262.0 18379.0 123257.0 15032.0
1 83 83.5 108348.0 169843.0 18697.0 121145.0 14282.0
1 84 84.5 109746.0 166469.0 18951.0 118624.0 13513.0
1 85 85.5 111229.0 162289.0 19744.0 115534.0 13032.0
1 86 86.5 112673.0 160141.0 20139.0 112998.0 12170.0
1 87 87.5 114560.0 156205.0 20915.0 108792.0 11504.0
1 88 88.5 115841.0 153298.0 21150.0 105218.0 10901.0
1 89 89.5 117888.0 149982.0 22017.0 100677.0 10483.0
1 90 90.5 119517.0 146977.0 22246.0 97122.0 10065.0
1 91 91.5 122029.0 144005.0 23089.0 91867.0 9828.0
1 92 92.5 123227.0 141012.0 23711.0 87255.0 9272.0
1 93 93.5 125132.0 138271.0 24139.0 81932.0 8822.0
1 94 94.5 126878.0 135455.0 24878.0 77728.0 8491.0
1 95 95.5 128758.0 133033.0 25519.0 72941.0 8281.0
1 96 96.5 131032.0 130831.0 26150.0 67992.0 7945.0
1 97 97.5 132680.0 128692.0 26746.0 63786.0 7574.0
1 98 98.5 134728.0 126491.0 27497.0 58795.0 7524.0
1 99 99.5 136920.0 123571.0 28476.0 54735.0 7192.0
1 100 100.5 140134.0 121716.0 28954.0 50228.0 7110.0
1 101 101.5 140890.0 119647.0 29246.0 45979.0 6900.0
1 102 102.5 143047.0 117796.0 30206.0 42707.0 6900.0
1 103 103.5 145555.0 115007.0 31157.0 38466.0 6586.0
1 104 104.5 147612.0 113514.0 31510.0 34994.0 6480.0
1 105 105.5 150310.0 111910.0 32605.0 31554.0 6436.0
1 106 106.5 152528.0 110427.0 33104.0 28996.0 6309.0
1 107 107.5 155651.0 107974.0 33832.0 25817.0 6173.0
1 108 108.5 157653.0 106470.0 34942.0 23651.0 6140.0
1 109 109.5 160214.0 105228.0 35207.0 21081.0 6163.0
1 110 110.5 162215.0 103797.0 36308.0 19259.0 5969.0
1 111 111.5 165212.0 102305.0 36748.0 17564.0 6074.0
1 112 112.5 167539.0 101384.0 38253.0 15724.0 6162.0
1 113 113.5 170855.0 99328.0 38751.0 14069.0 6301.0
1 114 114.5 173463.0 97700.0 39745.0 12419.0 6223.0
1 115 115.5 176171.0 97771.0 40450.0 11292.0 6280.0
1 116 116.5 178394.0 95738.0 41395.0 10121.0 6229.0
1 117 117.5 182315.0 94760.0 42143.0 9147.0 6433.0
1 118 118.5 185185.0 94424.0 43049.0 8370.0 6631.0
1 119 119.5 188165.0 93428.0 44299.0 7276.0 6759.0
1 120 120.5 191230.0 93041.0 45224.0 6818.0 6952.0
1 121 121.5 193703.0 90990.0 46120.0 6179.0 7074.0
1 122 122.5 196673.0 90773.0 47156.0 5497.0 7200.0
1 123 123.5 200131.0 89876.0 48462.0 5121.0 7380.0
1 124 124.5 202928.0 88678.0 48928.0 4723.0 7659.0
1 125 125.5 205945.0 88554.0 50390.0 4252.0 8072.0
1 126 126.5 210635.0 87296.0 51822.0 3907.0 8320.0
1 127 127.5 213069.0 87762.0 52772.0 3448.0 8653.0
1 128 128.5 216171.0 86848.0 53663.0 3182.0 9137.0
1 129 129.5 220769.0 86644.0 55648.0 2890.0 9526.0
1 130 130.5 224184.0 86104.0 56106.0 2675.0 9937.0
1 131 131.5 228012.0 85190.0 57391.0 2343.0 10536.0
1 132 132.5 232723.0 84845.0 59249.0 2249.0 11171.0
1 133 133.5 235497.0 84518.0 60101.0 2001.0 11677.0
1 134 134.5 239377.0 83746.0 61376.0 1843.0 12716.0
1 135 135.5 244941.0 83914.0 62944.0 1774.0 13568.0
1 136 136.5 249721.0 83425.0 64318.0 1643.0 14284.0
1 137 137.5 253973.0 83273.0 66489.0 1491.0 15365.0
1 138 138.5 259231.0 82815.0 67945.0 1395.0 16642.0
1 139 139.5 264716.0 82536.0 69166.0 1294.0 18099.0
1 140 140.5 272134.0 82083.0 71150.0 1203.0 19340.0
1 141 141.5 278212.0 81914.0 73163.0 1085.0 21668.0
1 142 142.5 285454.0 81753.0 74547.0 1048.0 23528.0
1 143 143.5 294865.0 81788.0 76798.0 957.0 25781.0
1 144 144.5 304338.0 81786.0 78955.0 887.0 28216.0
1 145 145.5 313229.0 81838.0 81822.0 850.0 30912.0
1 146 146.5 324320.0 81805.0 83100.0 779.0 34812.0
1 147 147.5 335248.0 81992.0 86257.0 804.0 38356.0
1 148 148.5 347782.0 81606.0 88183.0 721.0 43410.0
1 149 149.5 360430.0 81232.0 91675.0 714.0 48029.0
1 150 150.5 373569.0 81418.0 94322.0 568.0 54670.0
1 151 151.5 386833.0 81739.0 97738.0 600.0 60799.0
1 152 152.5 399641.0 82176.0 100473.0 564.0 69383.0
1 153 153.5 413032.0 81683.0 104408.0 527.0 79135.0
1 154 154.5 426738.0 81830.0 108341.0 512.0 90592.0
1 155 155.5 438304.0 82161.0 112672.0 487.0 104050.0
1 156 156.5 449172.0 82006.0 116441.0 429.0 119601.0
1 157 157.5 459483.0 82560.0 120336.0 439.0 137333.0
1 158 158.5 468514.0 82425.0 125508.0 391.0 160114.0
1 159 159.5 475378.0 82304.0 130349.0 374.0 185767.0
1 160 160.5 483096.0 82157.0 135500.0 359.0 216661.0
1 161 161.5 488096.0 82285.0 141723.0 354.0 252999.0
1 162 162.5 494123.0 82677.0 147579.0 340.0 294467.0
1 163 163.5 498721.0 82850.0 154593.0 321.0 344646.0
1 164 164.5 499869.0 82833.0 161215.0 332.0 404623.0
1 165 165.5 501436.0 82665.0 169167.0 300.0 474366.0
1 166 166.5 503573.0 83144.0 175588.0 297.0 553225.0
1 167 167.5 501933.0 83343.0 184425.0 292.0 648269.0
1 168 168.5 499937.0 83573.0 194316.0 305.0 755309.0
1 169 169.5 497607.0 83873.0 201991.0 271.0 880234.0
1 170 170.5 494698.0 83335.0 213052.0 265.0 1019856.0
1 171 171.5 487868.0 83525.0 223596.0 276.0 1174639.0
1 172 172.5 479776.0 83932.0 235539.0 264.0 1343313.0
1 173 173.5 471983.0 84104.0 247712.0 257.0 1523337.0
1 174 174.5 462996.0 84281.0 260222.0 268.0 1719147.0
1 175 175.5 450148.0 83459.0 273810.0 265.0 1961646.0
1 176 176.5 444021.0 84351.0 288072.0 244.0 2334783.0
1 177 177.5 431010.0 84918.0 303909.0 272.0 2760595.0
1 178 178.5 415458.0 84016.0 319956.0 255.0 3110339.0
1 179 179.5 405645.0 84151.0 336815.0 248.0 3261028.0
1 180 180.5 394574.0 84495.0 354788.0 223.0 3223967.0
1 181 181.5 384756.0 84927.0 375666.0 239.0 3016173.0
1 182 182.5 377244.0 84941.0 394442.0 251.0 2656118.0
1 183 183.5 369258.0 84393.0 415359.0 254.0 2240533.0
1 184 184.5 363634.0 85482.0 437325.0 261.0 1899591.0
1 185 185.5 355663.0 85577.0 460880.0 253.0 1671062.0
1 186 186.5 351843.0 85820.0 484735.0 289.0 1477558.0
1 187 187.5 346239.0 85402.0 510139.0 258.0 1302096.0
1 188 188.5 342960.0 84796.0 536049.0 254.0 1134385.0
1 189 189.5 339957.0 84871.0 563816.0 256.0 983729.0
1 190 190.5 335874.0 85467.0 591330.0 275.0 845894.0
1 191 191.5 333970.0 85147.0 622314.0 284.0 724695.0
1 192 192.5 331954.0 85322.0 653216.0 318.0 620219.0
1 193 193.5 328432.0 85524.0 688645.0 298.0 529834.0
1 194 194.5 325860.0 85895.0 724992.0 293.0 453371.0
1 195 195.5 322382.0 85816.0 766621.0 320.0 385686.0
1 196 196.5 319847.0 85889.0 807761.0 347.0 328608.0
1 197 197.5 316791.0 85966.0 854275.0 354.0 279598.0
1 198 198.5 315285.0 85569.0 901145.0 368.0 239800.0
1 199 199.5 312504.0 85902.0 953136.0 381.0 204556.0
1 200 200.5 308526.0 85838.0 1002860.0 380.0 175151.0
1 201 201.5 306759.0 85799.0 1057537.0 436.0 150907.0
1 202 202.5 305161.0 85377.0 1109901.0 443.0 130424.0
1 203 203.5 301241.0 85935.0 1157124.0 500.0 113284.0
1 204 204.5 298579.0 86198.0 1199498.0 450.0 97774.0
1 205 205.5 296614.0 85910.0 1237657.0 507.0 85910.0
1 206 206.5 292434.0 86382.0 1269780.0 539.0 75246.0
1 207 207.5 290010.0 85960.0 1292440.0 539.0 65514.0
1 208 208.5 286356.0 86871.0 1305636.0 603.0 58089.0
1 209 209.5 283352.0 86837.0 1309738.0 634.0 51090.0
1 210 210.5 280445.0 87226.0 1304387.0 669.0 45653.0
1 211 211.5 277338.0 86978.0 1285437.0 652.0 40764.0
1 212 212.5 274358.0 86603.0 1260955.0 717.0 36593.0
1 213 213.5 271358.0 86850.0 1226640.0 822.0 32812.0
1 214 214.5 267980.0 86856.0 1184406.0 921.0 29875.0
1 215 215.5 264657.0 87169.0 1137263.0 893.0 27011.0
1 216 216.5 261456.0 87599.0 1091521.0 938.0 24878.0
1 217 217.5 258758.0 87574.0 1039035.0 1101.0 22226.0
1 218 218.5 253776.0 87631.0 980327.0 1097.0 20522.0
1 219 219.5 251267.0 88539.0 924250.0 1193.0 19154.0
1 220 220.5 248269.0 89125.0 871482.0 1317.0 17439.0
1 221 221.5 245737.0 89608.0 826075.0 1390.0 16290.0
1 222 222.5 241658.0 89313.0 779300.0 1497.0 14978.0
1 223 223.5 238058.0 89459.0 740197.0 1623.0 14119.0
1 224 224.5 235044.0 89668.0 702824.0 1785.0 13087.0
1 225 225.5 231596.0 90066.0 665072.0 1890.0 12221.0
1 226 226.5 228545.0 90701.0 633849.0 2144.0 11567.0
1 227 227.5 223846.0 91201.0 602321.0 2232.0 11026.0
1 228 228.5 222273.0 92077.0 570915.0 2548.0 10625.0
1 229 229.5 217582.0 92053.0 541887.0 2665.0 9763.0
1 230 230.5 214977.0 92974.0 513910.0 2987.0 9280.0
1 231 231.5 211654.0 93361.0 488224.0 3094.0 8810.0
1 232 232.5 209178.0 93602.0 460177.0 3542.0 8640.0
1 233 233.5 205832.0 94215.0 436743.0 3812.0 8152.0
1 234 234.5 202111.0 95335.0 411989.0 4208.0 8137.0
1 235 235.5 198676.0 95981.0 390296.0 4677.0 7562.0
1 236 236.5 197004.0 96631.0 367066.0 5094.0 7430.0
1 237 237.5 194188.0 96761.0 345459.0 5669.0 6976.0
1 238 238.5 191048.0 98460.0 327514.0 6353.0 6739.0
1 239 239.5 188219.0 99507.0 309005.0 6835.0 6766.0
1 240 240.5 184573.0 100023.0 291356.0 7512.0 6568.0
1 241 241.5 181855.0 100956.0 272826.0 8409.0 6431.0
1 242 242.5 179098.0 101814.0 256971.0 9202.0 6370.0
1 243 243.5 176511.0 102803.0 242439.0 10513.0 6233.0
1 244 244.5 173573.0 103902.0 227848.0 11693.0 6260.0
1 245 245.5 170775.0 105236.0 214635.0 13237.0 6167.0
1 246 246.5 168250.0 106144.0 201900.0 14748.0 6128.0
1 247 247.5 165891.0 107044.0 189899.0 16592.0 6141.0
1 248 248.5 162898.0 108618.0 178325.0 18800.0 6135.0
1 249 249.5 161481.0 110486.0 168465.0 21640.0 6105.0
1 250 250.5 158423.0 111197.0 158364.0 24787.0 6196.0
1 251 251.5 156185.0 113343.0 148896.0 28675.0 6120.0
1 252 252.5 153478.0 114373.0 140543.0 33139.0 6027.0
1 253 253.5 150753.0 116024.0 132111.0 38166.0 6309.0
1 254 254.5 148290.0 117377.0 123606.0 45289.0 6265.0
1 255 255.5 146160.0 119165.0 117057.0 52572.0 6469.0
1 256 256.5 144161.0 120803.0 109675.0 61935.0 6611.0
1 257 257.5 142189.0 123570.0 102991.0 73284.0 6626.0
1 258 258.5 140008.0 124584.0 97503.0 87464.0 6740.0
1 259 259.5 138632.0 126524.0 92126.0 103593.0 7025.0
1 260 260.5 135535.0 128160.0 87041.0 125402.0 7274.0
1 261 261.5 133352.0 130769.0 81512.0 149829.0 7239.0
1 262 262.5 132438.0 132804.0 77438.0 181266.0 7548.0
1 263 263.5 130457.0 135205.0 72786.0 218088.0 7783.0
1 264 264.5 127824.0 136609.0 69159.0 263337.0 8171.0
1 265 265.5 126272.0 139395.0 65485.0 318167.0 8474.0
1 266 266.5 124611.0 141461.0 61180.0 383858.0 8596.0
1 267 267.5 122349.0 143944.0 57932.0 463599.0 8934.0
1 268 268.5 120653.0 146877.0 54734.0 558848.0 9308.0
1 269 269.5 119560.0 149412.0 51628.0 672714.0 9909.0
1 270 270.5 117603.0 152036.0 48911.0 805433.0 10180.0
1 271 271.5 115385.0 154486.0 46480.0 961689.0 10826.0
1 272 272.5 113787.0 156805.0 44010.0 1143049.0 11210.0
1 273 273.5 112533.0 159319.0 41420.0 1344393.0 11695.0
1 274 274.5 110869.0 162305.0 39788.0 1578857.0 12589.0
1 275 275.5 108976.0 164790.0 37673.0 1834916.0 13337.0
1 276 276.5 108084.0 167996.0 35789.0 2139341.0 14084.0
1 277 277.5 106598.0 170540.0 33606.0 2529381.0 14865.0
1 278 278.5 105084.0 173579.0 32031.0 2959328.0 15871.0
1 279 279.5 103727.0 175965.0 30445.0 3349946.0 16841.0
1 280 280.5 102446.0 179387.0 28943.0 3618811.0 17797.0
1 281 281.5 101266.0 182012.0 27650.0 3674441.0 18683.0
1 282 282.5 99740.0 184320.0 26443.0 3524254.0 19877.0
1 283 283.5 98206.0 187818.0 25013.0 3183611.0 21489.0
1 284 284.5 96874.0 191163.0 24057.0 2766428.0 22306.0
1 285 285.5 95792.0 193615.0 23012.0 2352088.0 24187.0
1 286 286.5 94661.0 196680.0 21875.0 2002628.0 25667.0
1 287 287.5 94364.0 200018.0 20731.0 1722672.0 27829.0
1 288 288.5 91890.0 202513.0 20165.0 1486027.0 29520.0
1 289 289.5 91497.0 204785.0 18964.0 1272572.0 31684.0
1 290 290.5 90720.0 207439.0 18631.0 1086489.0 33766.0
1 291 291.5 89389.0 210467.0 17479.0 922208.0 35813.0
1 292 292.5 88028.0 214105.0 16936.0 777647.0 38363.0
1 293 293.5 87211.0 215107.0 16219.0 654412.0 40973.0
1 294 294.5 86290.0 217605.0 15590.0 552630.0 43460.0
1 295 295.5 85115.0 220574.0 15094.0 464552.0 46428.0
1 296 296.5 84405.0 222893.0 14238.0 391013.0 49251.0
1 297 297.5 83971.0 224719.0 13888.0 330698.0 52245.0
1 298 298.5 82178.0 228117.0 13321.0 277504.0 54902.0
1 299 299.5 81647.0 230203.0 12669.0 235248.0 58154.0
1 300 300.5 80531.0 230717.0 12496.0 199236.0 61365.0
1 301 301.5 80232.0 232893.0 12082.0 167713.0 63912.0
1 302 302.5 79054.0 234254.0 11627.0 142859.0 67557.0
1 303 303.5 78103.0 235846.0 11101.0 121861.0 70371.0
1 304 304.5 77655.0 236982.0 10812.0 103662.0 73034.0
1 305 305.5 76964.0 237792.0 10817.0 89308.0 75957.0
1 306 306.5 76642.0 239018.0 10307.0 76988.0 79264.0
1 307 307.5 75721.0 237599.0 9936.0 66141.0 81394.0
1 308 308.5 74816.0 239420.0 9614.0 57426.0 83821.0
1 309 309.5 74127.0 239360.0 9220.0 49717.0 85305.0
1 310 310.5 73409.0 240139.0 9160.0 43638.0 87353.0
1 311 311.5 72965.0 239643.0 8943.0 37749.0 88865.0
1 312 312.5 72289.0 239320.0 8623.0 33963.0 90008.0
1 313 313.5 71552.0 239533.0 8386.0 29366.0 90785.0
1 314 314.5 71089.0 238705.0 8168.0 26511.0 92056.0
1 315 315.5 70405.0 237464.0 7870.0 23329.0 91824.0
1 316 316.5 69435.0 236601.0 7755.0 20852.0 91923.0
1 317 317.5 69027.0 236425.0 7611.0 18939.0 92451.0
1 318 318.5 68824.0 234521.0 7426.0 16921.0 90409.0
1 319 319.5 68513.0 233334.0 7279.0 15224.0 90548.0
1 320 320.5 67352.0 231733.0 6955.0 13716.0 89258.0
1 321 321.5 67243.0 230026.0 6848.0 12893.0 87875.0
1 322 322.5 67235.0 229316.0 6646.0 11512.0 86014.0
1 323 323.5 66166.0 227557.0 6681.0 10609.0 83853.0
1 324 324.5 66613.0 225480.0 6514.0 9700.0 82232.0
1 325 325.5 65664.0 224927.0 6388.0 8830.0 80322.0
1 326 326.5 65329.0 223319.0 6188.0 8396.0 78643.0
1 327 327.5 64459.0 220758.0 6134.0 7590.0 75763.0
1 328 328.5 64234.0 219439.0 6207.0 7152.0 74010.0
1 329 329.5 63790.0 217227.0 5999.0 6693.0 71462.0
1 330 330.5 63624.0 215266.0 5767.0 6208.0 68626.0
1 331 331.5 63557.0 213501.0 5723.0 5909.0 66462.0
1 332 332.5 63185.0 212058.0 5700.0 5478.0 63296.0
1 333 333.5 62567.0 210033.0 5635.0 5190.0 60826.0
1 334 334.5 62567.0 207983.0 5614.0 4869.0 59325.0
1 335 335.5 61909.0 206981.0 5450.0 4548.0 56561.0
1 336 336.5 62026.0 203948.0 5262.0 4371.0 53709.0
1 337 337.5 62098.0 203252.0 5315.0 4142.0 51880.0
1 338 338.5 61472.0 201509.0 5132.0 3910.0 49926.0
1 339 339.5 61043.0 199980.0 5204.0 3760.0 47947.0
1 340 340.5 60641.0 197380.0 5128.0 3580.0 45757.0
1 341 341.5 60429.0 197702.0 5084.0 3432.0 44500.0
1 342 342.5 60803.0 195634.0 5054.0 3350.0 42446.0
1 343 343.5 60228.0 193785.0 4960.0 3105.0 41241.0
1 344 344.5 60166.0 192619.0 4903.0 3137.0 39198.0
1 345 345.5 59568.0 192616.0 4920.0 2958.0 38304.0
1 346 346.5 59908.0 191176.0 4832.0 2895.0 36933.0
1 347 347.5 59254.0 189277.0 4808.0 2768.0 35407.0
1 348 348.5 59327.0 188498.0 4794.0 2688.0 34556.0
1 349 349.5 59488.0 188048.0 4713.0 2711.0 33564.0
1 350 350.5 59337.0 187513.0 4691.0 2556.0 33059.0
1 351 351.5 60172.0 186865.0 4707.0 2520.0 31764.0
1 352 352.5 58894.0 185949.0 4642.0 2473.0 31094.0
1 353 353.5 58712.0 185018.0 4582.0 2367.0 30513.0
1 354 354.5 58804.0 185364.0 4655.0 2339.0 29734.0
1 355 355.5 59240.0 185057.0 4573.0 2328.0 29469.0
1 356 356.5 58518.0 184426.0 4602.0 2280.0 28797.0
1 357 357.5 59029.0 185048.0 4566.0 2245.0 28789.0
1 358 358.5 58856.0 186602.0 4654.0 2300.0 28553.0
1 359 359.5 58707.0 185761.0 4632.0 2319.0 28253.0
